Identifiant station;Nom station;Station en fonctionnement;Capacité de la station;Nombre bornettes libres;Nombre total vélos disponibles;Vélos mécaniques disponibles;Vélos électriques disponibles;Borne de paiement disponible;Retour vélib possible;Actualisation de la donnée;Coordonnées géographiques;Nom communes équipées;Code INSEE communes équipées
16107;Benjamin Godard - Victor Hugo;OUI;35;20;15;6;9;OUI;OUI;2022-03-11T23:02:39+01:00;48.865983,2.275725;Paris;
9020;Toudouze - Clauzel;OUI;21;14;7;0;7;OUI;OUI;2022-03-11T22:59:14+01:00;48.87929591733507,2.3373600840568547;Paris;
11104;Charonne - Robert et Sonia Delauney;OUI;20;19;1;0;1;OUI;OUI;2022-03-11T22:59:05+01:00;48.85590755596891,2.3925706744194035;Paris;
12109;Mairie du 12ème;OUI;30;4;26;10;16;OUI;OUI;2022-03-11T23:02:31+01:00;48.84085531176338,2.3875549435615544;Paris;
14014;Jourdan - Stade Charléty;OUI;60;54;6;2;4;OUI;OUI;2022-03-11T23:00:06+01:00;48.819428333369,2.3433353751898;Paris;
5001;Harpe - Saint-Germain;OUI;45;21;21;15;6;OUI;OUI;2022-03-11T23:01:45+01:00;48.85151881501689,2.343670316040516;Paris;
8026;Messine - Place Du Pérou;OUI;12;11;1;1;0;OUI;OUI;2022-03-11T22:53:38+01:00;48.875448033960744,2.315508019010038;Paris;
10013;Alibert - Jemmapes;OUI;60;33;26;19;7;OUI;OUI;2022-03-11T23:00:13+01:00;48.8710440519842,2.366104461987773;Paris;
14111;Cassini - Denfert-Rochereau;OUI;25;23;0;0;0;OUI;OUI;2022-03-11T23:02:22+01:00;48.83752583906732,2.336035408079624;Paris;
6003;Saint-Sulpice;OUI;21;1;19;18;1;OUI;OUI;2022-03-11T23:02:02+01:00;48.85165383178419,2.3308077827095985;Paris;
13007;Le Brun - Gobelins;OUI;48;23;23;14;9;OUI;OUI;2022-03-11T23:02:15+01:00;48.835092787823875,2.353468135133752;Paris;
6108;Saint-Romain - Cherche-Midi;OUI;17;6;10;8;2;OUI;OUI;2022-03-11T23:01:47+01:00;48.84708159081946,2.321374788880348;Paris;
5110;Lacépède - Monge;OUI;23;20;3;0;3;OUI;OUI;2022-03-11T23:02:25+01:00;48.84389286531899,2.3519663885235786;Paris;
33006;André Karman - République;OUI;31;25;3;1;2;OUI;OUI;2022-03-11T22:58:19+01:00;48.91039875761846,2.3851355910301213;Aubervilliers;
41301;Bois de Vincennes - Gare;OUI;50;42;6;3;3;OUI;OUI;2022-03-11T23:02:40+01:00;48.836022242886884,2.4708339950830287;Nogent-sur-Marne;
42016;Pierre et Marie Curie - Maurice Thorez;OUI;27;20;6;2;4;OUI;OUI;2022-03-11T22:58:33+01:00;48.81580226360801,2.376804985105991;Ivry-sur-Seine;
6021;Beaux-Arts - Bonaparte;OUI;20;10;9;9;0;OUI;OUI;2022-03-11T22:56:06+01:00;48.856451985395786,2.334851883351803;Paris;
21010;Silly - Galliéni;OUI;25;13;12;4;8;OUI;OUI;2022-03-11T22:58:21+01:00;48.835583838705936,2.2325500845909123;Boulogne-Billancourt;
7001;Invalides - Duroc;OUI;29;19;10;2;8;OUI;OUI;2022-03-11T23:02:11+01:00;48.8477924732952,2.3161920905113225;Paris;
25006;Place Nelson Mandela;OUI;22;14;3;0;3;OUI;OUI;2022-03-11T23:02:28+01:00;48.862090937689715,2.196576297283173;Rueil-Malmaison;
7002;Vaneau - Sèvres;OUI;35;30;5;3;2;OUI;OUI;2022-03-11T22:55:16+01:00;48.84856323305935,2.3204218259345537;Paris;
17026;Jouffroy d'Abbans - Wagram;OUI;40;34;5;2;3;OUI;OUI;2022-03-11T22:59:33+01:00;48.881973298351625,2.301132157444954;Paris;
5016;Thouin - Cardinal Lemoine;OUI;17;3;14;3;11;OUI;OUI;2022-03-11T23:02:48+01:00;48.84504716661511,2.3494647851273465;Paris;
17038;Grande Armée - Brunel;OUI;62;43;6;0;6;OUI;OUI;2022-03-11T22:53:48+01:00;48.876116,2.288124;Paris;
11025;Froment - Bréguet;OUI;43;30;13;5;8;OUI;OUI;2022-03-11T22:56:06+01:00;48.8570414504784,2.37289470306807;Paris;
17041;Guersant - Gouvion-Saint-Cyr;OUI;36;15;21;12;9;OUI;OUI;2022-03-11T23:00:00+01:00;48.88287775178599,2.287667370814871;Paris;
15047;Morillons - Dantzig;OUI;52;46;6;1;5;OUI;OUI;2022-03-11T22:54:23+01:00;48.83310149953933,2.299380004405976;Paris;
7003;Square Boucicaut;OUI;60;45;15;11;4;OUI;OUI;2022-03-11T23:01:31+01:00;48.851296433665276,2.325061820447445;Paris;
13101;Croulebarde - Corvisart;OUI;34;20;11;8;3;OUI;OUI;2022-03-11T22:59:12+01:00;48.830981659316855,2.3481646925210953;Paris;
17048;De Toqueville - Terrasse;OUI;30;23;7;1;6;OUI;OUI;2022-03-11T23:01:34+01:00;48.882428,2.314002;Paris;
14108;Le Brix et Mesmin - Jourdan;OUI;21;21;0;0;0;OUI;OUI;2022-03-11T23:02:25+01:00;48.82234096593411,2.327861653302471;Paris;
17025;Chazelles - Courcelles;OUI;35;22;13;6;7;OUI;OUI;2022-03-11T22:55:02+01:00;48.879406604954,2.3034455627202988;Paris;
19033;Cambrai - Benjamin Constant;OUI;43;33;10;7;3;OUI;OUI;2022-03-11T23:00:00+01:00;48.89594736851349,2.381133802246315;Paris;
20143;Ramponeau - Belleville;OUI;44;28;15;2;13;OUI;OUI;2022-03-11T22:58:35+01:00;48.871031137596006,2.3790568521139748;Paris;
43002;Lagny - Victor Basch;OUI;26;18;8;3;5;OUI;OUI;2022-03-11T23:00:24+01:00;48.84884147189881,2.426325418925233;Vincennes;
31024;Romainville - Vaillant-Couturier;OUI;38;29;7;4;3;OUI;OUI;2022-03-11T22:54:19+01:00;48.86785,2.446748;Montreuil;
16138;Saint-Cloud - Hippodrome;OUI;30;18;11;10;1;OUI;OUI;2022-03-11T23:02:28+01:00;48.85772148887421,2.2549109905958176;Paris;
15026;Bir Hakeim;OUI;33;18;15;15;0;OUI;OUI;2022-03-11T23:01:44+01:00;48.853844054333514,2.289705348222022;Paris;
15068;Général Martial Valin - Pont du Garigliano;OUI;16;13;2;1;1;OUI;OUI;2022-03-11T23:00:31+01:00;48.83823094269141,2.270506024360657;Paris;
47007;Liberté - Vert-de-Maisons;OUI;20;12;8;1;7;OUI;OUI;2022-03-11T23:02:39+01:00;48.79014780960843,2.43286281824112;Maisons-Alfort;
22207;Rond-point du Dr Albert Schweitzer;OUI;22;14;7;5;2;OUI;OUI;2022-03-11T23:02:05+01:00;48.78980918988166,2.3143940046429634;Bagneux;
17044;Porte de Saint-Ouen - Bessières;OUI;42;13;29;27;2;OUI;OUI;2022-03-11T23:02:32+01:00;48.89792240854517,2.32851451022192;Paris;
7004;Raspail - Varenne;OUI;18;13;4;4;0;OUI;OUI;2022-03-11T23:01:49+01:00;48.85314781654488,2.3263905197381973;Paris;
8050;Boétie - Ponthieu;OUI;33;15;16;11;5;OUI;OUI;2022-03-11T22:56:34+01:00;48.871417284354834,2.307678759098053;Paris;
13030;Italie - Tolbiac;OUI;21;15;5;3;2;OUI;OUI;2022-03-11T23:02:32+01:00;48.82557229464416,2.3576171323657036;Paris;
16118;Michel-Ange - Parent de Rosan;OUI;26;0;1;1;0;NON;NON;2022-03-11T23:01:16+01:00;48.840579923690115,2.2584119439125065;Paris;
31028;Raspail Barbès;OUI;28;17;11;3;8;OUI;OUI;2022-03-11T23:00:06+01:00;48.8529945,2.4247387;Montreuil;
21216;Louis Lejeune - Barbès;OUI;25;23;2;2;0;OUI;OUI;2022-03-11T23:02:24+01:00;48.81807418981508,2.3267009854316716;Montrouge;
44017;Jules Guesde - Pont du Port à l'Anglais;OUI;30;12;18;18;0;OUI;OUI;2022-03-11T23:02:23+01:00;48.79628807093802,2.417212128639221;Vitry-sur-Seine;
92002;Théâtre des Amandiers - Palais des sports;OUI;24;7;16;0;16;OUI;OUI;2022-03-11T23:00:18+01:00;48.89264852683893,2.2136941552162175;Nanterre;
2017;Caire - Dussoubs;OUI;40;14;26;22;4;OUI;OUI;2022-03-11T23:01:22+01:00;48.86785342111862,2.349364310503006;Paris;
6029;Vaugirard - Monsieur le Prince;OUI;26;24;1;0;1;OUI;OUI;2022-03-11T22:54:26+01:00;48.848951441614176,2.3411329463124275;Paris;
8103;Artois - Berri;OUI;23;13;8;0;8;OUI;OUI;2022-03-11T22:57:04+01:00;48.87393521240818,2.3064258322119713;Paris;
19027;Serrurier;OUI;18;16;2;1;1;OUI;OUI;2022-03-11T23:02:19+01:00;48.8804934032465,2.39806417375803;Paris;
14013;Liard - Amiral Mouchez;OUI;14;10;4;2;2;OUI;OUI;2022-03-11T22:59:36+01:00;48.8214169,2.342167;Paris;
9008;Tour d'Auvergne - Rodier;OUI;17;14;3;1;2;OUI;OUI;2022-03-11T22:57:08+01:00;48.879161,2.343698;Paris;
18111;Félix Ziem - Armand Gauthier;OUI;25;6;19;1;18;OUI;OUI;2022-03-11T22:59:41+01:00;48.88949630486821,2.333393658804396;Paris;
8048;Marceau - Chaillot;OUI;21;8;13;2;11;OUI;OUI;2022-03-11T22:59:30+01:00;48.86883394989261,2.2989967837929726;Paris;
16110;Octave Feuillet - Albéric Magnard;OUI;21;17;4;2;2;OUI;OUI;2022-03-11T23:00:13+01:00;48.86106902949534,2.2730283066630363;Paris;
7011;Las Cases - Bourgogne;OUI;22;10;12;10;2;OUI;OUI;2022-03-11T22:55:39+01:00;48.85909110474066,2.3185685276985173;Paris;
18134;Ney - Porte de Clignancourt;OUI;25;21;3;3;0;OUI;OUI;2022-03-11T23:02:12+01:00;48.8978867,2.3458001;Paris;
48003;Youri Gagarine - Karl Marx;OUI;22;14;8;0;8;OUI;OUI;2022-03-11T22:58:54+01:00;48.78448485079149,2.35908430069685;Villejuif;
14002;Edgar Quinet - Raspail;OUI;46;33;12;12;0;OUI;OUI;2022-03-11T22:55:47+01:00;48.83940266673835,2.32971478253603;Paris;
9001;Bellefond - Poissonnière;OUI;17;12;3;1;2;OUI;OUI;2022-03-11T23:02:27+01:00;48.87759897050706,2.348463758826256;Paris;
9014;Faubourg Montmartre - La Fayette;OUI;35;13;21;13;8;OUI;OUI;2022-03-11T23:00:46+01:00;48.87525454905335,2.340853661298752;Paris;
17032;Jean Oestreicher - Porte de Champerret;OUI;21;14;7;3;4;OUI;OUI;2022-03-11T22:55:22+01:00;48.88655580065981,2.288640439510346;Paris;
43009;Place Jean-Spire-Lemaître;OUI;50;28;21;11;10;OUI;OUI;2022-03-11T23:01:14+01:00;48.8468428626593,2.452062070369721;Vincennes;
10162;Alexandre Parodi - Quai de Valmy;OUI;24;16;7;4;3;OUI;OUI;2022-03-11T22:59:23+01:00;48.87935941942529,2.366596162319184;Paris;
8053;Place Georges Guillaumin;OUI;29;27;2;0;2;OUI;OUI;2022-03-11T22:54:57+01:00;48.874750203956566,2.301771435325988;Paris;
10029;Dunkerque - Rocroy;OUI;24;17;6;5;1;OUI;OUI;2022-03-11T23:02:38+01:00;48.880726,2.351464;Paris;
8016;Square Louis XVI;OUI;29;22;6;6;0;OUI;OUI;2022-03-11T22:57:40+01:00;48.87320440102894,2.323658830743138;Paris;
5005;Gay Lussac - Saint-Jacques;OUI;24;23;1;1;0;OUI;OUI;2022-03-11T23:01:35+01:00;48.844730256132095,2.341923944866407;Paris;
10115;Granges aux Belles;OUI;27;12;13;2;11;OUI;OUI;2022-03-11T23:02:21+01:00;48.8761373390584,2.3680844979417;Paris;
10161;Gare de l'Est - Faubourg-Saint-Martin;OUI;32;27;3;2;1;OUI;OUI;2022-03-11T23:01:42+01:00;48.87564264747718,2.3594588041305546;Paris;
13118;Regnault - Patay;OUI;63;40;23;13;10;OUI;OUI;2022-03-11T23:02:23+01:00;48.82435782216384,2.377065159380436;Paris;
41303;Gare de Nogent-le-Perreux;OUI;32;2;29;22;7;OUI;OUI;2022-03-11T23:00:11+01:00;48.83842553348809,2.493693307042122;Nogent-sur-Marne;
7018;Ségur - d'Estrées;OUI;19;9;10;5;5;OUI;OUI;2022-03-11T22:59:16+01:00;48.85141997898257,2.3097044974565506;Paris;
12031;Gabriel Lamé;OUI;36;7;29;25;4;OUI;OUI;2022-03-11T23:01:32+01:00;48.8351212784276,2.385534569621086;Paris;
17040;Pereire - Ternes;OUI;48;38;10;3;7;OUI;OUI;2022-03-11T23:01:06+01:00;48.87973954830735,2.288012132048607;Paris;
9002;Abbeville - Faubourg Poissonnière;OUI;14;11;1;1;0;OUI;OUI;2022-03-11T22:59:34+01:00;48.879223,2.349147;Paris;
9038;Douai - Bruxelles;OUI;27;22;5;0;5;OUI;OUI;2022-03-11T23:02:38+01:00;48.88320784122797,2.3308449949028507;Paris;
5022;Boulangers - Cardinal Lemoine;OUI;20;13;7;2;5;OUI;OUI;2022-03-11T23:02:20+01:00;48.8462904,2.3521495;Paris;
19105;Ambroise Rendu - Porte Brunet;OUI;17;16;1;0;1;OUI;OUI;2022-03-11T23:02:05+01:00;48.883667,2.395733;Paris;
9106;Boudreau - Auber;OUI;14;11;2;2;0;OUI;OUI;2022-03-11T23:01:27+01:00;48.87219,2.329423;Paris;
17008;Porte Pouchet-Bessières;OUI;23;5;15;5;10;OUI;OUI;2022-03-11T22:58:29+01:00;48.8978765,2.3230632;Paris;
8009;Gare Saint-Lazare - Isly;OUI;27;11;15;12;3;OUI;OUI;2022-03-11T23:02:23+01:00;48.874777677621296,2.326515804784655;Paris;
7025;Octave Gréard - Tour Eiffel;OUI;33;15;17;11;6;OUI;OUI;2022-03-11T23:00:32+01:00;48.856502977695634,2.293178754328878;Paris;
1001;Quai de l'Horloge - Pont Neuf;OUI;17;4;12;2;10;OUI;OUI;2022-03-11T22:59:13+01:00;48.857058739111096,2.341798283943937;Paris;
22409;Henri Barbusse - Stalingrad;OUI;16;9;7;2;5;OUI;OUI;2022-03-11T23:02:07+01:00;48.814183748660554,2.2872862592339516;Malakoff;
31103;Gare Rosny-Bois-Perrier;OUI;36;8;28;4;24;OUI;OUI;2022-03-11T23:02:41+01:00;48.88115023337061,2.480436824262142;Rosny-sous-Bois;
10025;Jemmapes - Ecluses Saint-Martin;OUI;15;0;14;6;8;OUI;OUI;2022-03-11T22:57:30+01:00;48.87748519186726,2.3660067468881607;Paris;
6001;Institut de France;OUI;17;5;12;7;5;OUI;OUI;2022-03-11T22:59:14+01:00;48.85761567856468,2.335831353037739;Paris;
19015;Thionville - Ourcq;OUI;24;17;6;3;3;OUI;OUI;2022-03-11T22:57:02+01:00;48.88917613743794,2.3833653330802917;Paris;
15112;Vigée-Lebrun - Anselme Payen;OUI;24;21;3;1;2;OUI;OUI;2022-03-11T23:01:47+01:00;48.838683941628375,2.3110422492027287;Paris;
17012;Mairie du 17ème;OUI;24;11;13;12;1;OUI;OUI;2022-03-11T22:55:26+01:00;48.88416184871573,2.322079431103719;Paris;
31706;Château - République;OUI;26;17;8;0;8;OUI;OUI;2022-03-11T22:55:53+01:00;48.8629238005955,2.415503561496735;Bagnolet;
31024_relais;Romainville - Vaillant-couturier;OUI;0;0;0;0;0;OUI;OUI;2022-03-11T22:53:42+01:00;48.868054,2.4470495;Montreuil;
5020;Institut du Monde Arabe - Saint-Germain;OUI;40;4;32;17;15;OUI;OUI;2022-03-11T23:00:40+01:00;48.84906329950134,2.3558086529374123;Paris;
18107;Chartres - La Charbonnière;OUI;34;26;8;1;7;OUI;OUI;2022-03-11T23:01:54+01:00;48.8847601,2.3534657;Paris;
26003;Argenteuil - Voltaire;OUI;16;11;5;0;5;OUI;OUI;2022-03-11T23:00:52+01:00;48.91864865955558,2.2814112156629562;Asnières-sur-Seine;
9022;Rossini - Laffitte;OUI;33;21;11;9;2;OUI;OUI;2022-03-11T22:55:00+01:00;48.87334627510507,2.337980867701675;Paris;
17004;Legendre - Clichy;OUI;40;31;8;7;1;OUI;OUI;2022-03-11T23:02:33+01:00;48.88896161855884,2.322528975094376;Paris;
16026;Ranelagh - Mozart;OUI;23;13;8;5;3;OUI;OUI;2022-03-11T23:01:38+01:00;48.8554439,2.2704418;Paris;
19003;Quai de la Seine;OUI;24;19;4;3;1;OUI;OUI;2022-03-11T23:02:20+01:00;48.884492238407525,2.3703941702842717;Paris;
9028;Moncey - Blanche;OUI;17;5;10;3;7;OUI;OUI;2022-03-11T22:59:17+01:00;48.88006587474148,2.3310810327529907;Paris;
8036;Lisbonne - Monceau;OUI;33;25;7;5;2;OUI;OUI;2022-03-11T23:00:10+01:00;48.87745567681383,2.309694221419506;Paris;
10107;Gare du Nord - Hôpital Lariboisière;OUI;49;34;15;14;1;OUI;OUI;2022-03-11T23:02:46+01:00;48.881949,2.352339;Paris;
12151;Gare de Lyon - Place Louis Armand;OUI;60;7;47;43;4;OUI;OUI;2022-03-11T23:01:21+01:00;48.8455150897939,2.3726498446286;Paris;
17043;Belidor - Gouvion-Saint-Cyr;OUI;39;30;8;4;4;OUI;OUI;2022-03-11T22:53:01+01:00;48.88022154052015,2.2854680567979813;Paris;
92007;Pesaro - Préfecture;OUI;22;15;5;4;1;OUI;OUI;2022-03-11T22:59:48+01:00;48.89577046284005,2.223908342421055;Nanterre;
11002;Roquette - Thiéré;OUI;23;2;21;12;9;OUI;OUI;2022-03-11T23:02:22+01:00;48.85507930579506,2.3733686318721463;Paris;
20042;Pyrénées - Emmery;OUI;40;34;6;0;6;OUI;OUI;2022-03-11T23:02:15+01:00;48.872010281270974,2.392039597034455;Paris;
45003;11 Novembre 1918 - 8 Mai 1945;OUI;36;30;6;1;5;OUI;OUI;2022-03-11T22:57:07+01:00;48.80889533774377,2.5382421165704727;Champigny-sur-Marne;
11027;Saint-Ambroise - Parmentier;OUI;38;26;12;2;10;OUI;OUI;2022-03-11T22:58:36+01:00;48.86214784454763,2.3772348091006275;Paris;
11047;Amelot - Saint-Sébastien;OUI;30;5;23;13;10;OUI;OUI;2022-03-11T23:02:18+01:00;48.86114216276092,2.367799618107727;Paris;
19026;Place de Rhin et Danube;OUI;17;3;14;2;12;OUI;OUI;2022-03-11T23:01:56+01:00;48.88192765861766,2.392586767673493;Paris;
8034;Berri - Haussmann;OUI;35;31;3;1;2;OUI;OUI;2022-03-11T22:59:07+01:00;48.874746047357135,2.3082953318953514;Paris;
16039;Exelmans - Versailles;OUI;49;25;23;17;6;OUI;OUI;2022-03-11T23:02:16+01:00;48.84097491091973,2.264390252530575;Paris;
5032;Panthéon - Valette;OUI;39;37;2;1;1;OUI;OUI;2022-03-11T22:59:57+01:00;48.84702057165222,2.3464982619671075;Paris;
11023;Saint-Maur - Roquette;OUI;46;24;21;10;11;OUI;OUI;2022-03-11T22:59:04+01:00;48.858688774062955,2.383553994571467;Paris;
43401;Gare RER - Canadiens;OUI;45;33;9;0;9;OUI;OUI;2022-03-11T23:01:26+01:00;48.81995307955795,2.464176752459464;Joinville-le-Pont;
31009;Place Du Général De Gaulle;OUI;26;23;2;0;2;OUI;OUI;2022-03-11T23:00:46+01:00;48.8687591,2.4329931;Montreuil;
26002;Redoute - Les Courtilles;OUI;32;3;28;12;16;OUI;OUI;2022-03-11T23:01:33+01:00;48.92986719451888,2.283669635653496;Asnières-sur-Seine;
17030;Pereire - Rennequin;OUI;23;16;6;1;5;OUI;OUI;2022-03-11T23:02:04+01:00;48.88364782887555,2.2952447086572647;Paris;
12128;Pyramide - Ecole du Breuil;OUI;34;20;14;12;2;OUI;OUI;2022-03-11T23:02:48+01:00;48.82237977153955,2.4586871266365056;Paris;
12111;Claude Decaen - Cannebière;OUI;27;22;5;4;1;OUI;OUI;2022-03-11T23:00:25+01:00;48.83761417037952,2.397253782195704;Paris;
14003;Schoelcher - Raspail;OUI;50;35;14;2;12;OUI;OUI;2022-03-11T22:54:51+01:00;48.83681733526843,2.3312794080411474;Paris;
19043;Delphine Seyrig - Général Leclerc;OUI;53;45;6;1;5;OUI;OUI;2022-03-11T23:00:37+01:00;48.893923963057865,2.39790290594101;Pantin;
18003;Cimetière de Montmartre;OUI;43;27;16;13;3;OUI;OUI;2022-03-11T23:02:40+01:00;48.886472466141925,2.3328901827335358;Paris;
14020;Cimetière de Montrouge;OUI;58;56;2;0;2;OUI;OUI;2022-03-11T23:01:35+01:00;48.822009,2.322188699;Paris;
19044;Grands Moulins de Pantin;OUI;50;46;3;1;2;OUI;OUI;2022-03-11T23:01:28+01:00;48.89738369720229,2.3959985375404362;Paris;
15067;Desaix - Edgar Faure;OUI;12;1;11;7;4;OUI;OUI;2022-03-11T23:01:04+01:00;48.852804604940296,2.293077029857222;Paris;
43008;Fontenay - Libération;OUI;25;15;9;6;3;OUI;OUI;2022-03-11T23:02:31+01:00;48.84780306364685,2.445141971111298;Vincennes;
6006;Notre-Dame-des-Champs - Stanislas;OUI;19;14;5;2;3;OUI;OUI;2022-03-11T23:00:19+01:00;48.84479928858768,2.329337755887181;Paris;
33102;Gabriel Péri - Francisco Ferrer;OUI;18;11;7;0;7;OUI;OUI;2022-03-11T23:01:38+01:00;48.88633710236977,2.407338917255402;Le Pré-Saint-Gervais;
8010;Liège - Moscou;OUI;17;13;3;1;2;OUI;OUI;2022-03-11T23:00:34+01:00;48.8795431,2.3264628;Paris;
8045;Place de la Reine Astrid;OUI;58;33;24;14;10;OUI;OUI;2022-03-11T23:00:46+01:00;48.86492098253841,2.302549182385926;Paris;
31022;Mairie de Montreuil;OUI;52;48;3;1;2;OUI;OUI;2022-03-11T23:01:54+01:00;48.86131452758348,2.440614402294159;Montreuil;
13001;Port-Royal - Hôpital du Val-de-Grâce;OUI;18;14;3;3;0;OUI;OUI;2022-03-11T22:59:36+01:00;48.8376682728114,2.344813834660711;Paris;
19101;Square Simon Bolivar;OUI;24;20;4;2;2;OUI;OUI;2022-03-11T22:57:32+01:00;48.8750898883217,2.3826304078102116;Paris;
44006;Concorde - Stalingrad;OUI;35;16;18;5;13;OUI;OUI;2022-03-11T23:01:29+01:00;48.7985844,2.3821302;Vitry-sur-Seine;
46002;Rouget de Lisle;OUI;35;25;10;6;4;OUI;OUI;2022-03-11T23:00:19+01:00;48.764615483395254,2.4071189761161804;Choisy-le-Roi;
19120;Carducci - Place Hannah Arendt;OUI;27;26;1;0;1;OUI;OUI;2022-03-11T22:59:15+01:00;48.877436681515796,2.3860743641853337;Paris;
11113;Richard Lenoir - Republique;OUI;58;40;16;15;1;OUI;OUI;2022-03-11T23:02:43+01:00;48.8667175,2.3692541;Paris;
5004;Saint-Jacques - Val de Grâce;OUI;20;17;2;2;0;OUI;OUI;2022-03-11T23:02:46+01:00;48.8417514,2.3413893;Paris;
10016;Récollets - Square Villemin;OUI;17;15;1;1;0;OUI;OUI;2022-03-11T23:01:03+01:00;48.875034655883944,2.359801238597928;Paris;
21306;Place Lafayette;OUI;62;31;29;15;14;OUI;OUI;2022-03-11T23:01:09+01:00;48.829654975522296,2.263867557048798;Issy-les-Moulineaux;
41302;Charles de Gaulle - Beauté;OUI;49;38;10;2;8;OUI;OUI;2022-03-11T23:01:33+01:00;48.83649602312711,2.479562651149885;Nogent-sur-Marne;
12114;Victor Hugo - Jeanne Jugan;OUI;28;23;5;0;5;OUI;OUI;2022-03-11T23:02:16+01:00;48.843949064031825,2.415081394834419;Paris;
21212;Marne - Germain Dardan;OUI;22;17;5;3;2;OUI;OUI;2022-03-11T23:01:00+01:00;48.81154270401601,2.303070724010468;Montrouge;
14138;Porte de Vanves;OUI;32;23;7;0;7;OUI;OUI;2022-03-11T22:58:53+01:00;48.82801284944511,2.3056878894567485;Paris;
42706;Roger Salengro - Fontainebleau;OUI;25;18;7;2;5;OUI;OUI;2022-03-11T23:02:39+01:00;48.814548697324845,2.36116636544466;Le Kremlin-Bicêtre;
46003;Conservatoire de Musique;OUI;25;14;11;9;2;OUI;OUI;2022-03-11T22:59:36+01:00;48.77093586667601,2.4034014344215398;Choisy-le-Roi;
33017;Anatole France - President Roosevelt;OUI;29;20;7;4;3;OUI;OUI;2022-03-11T23:02:30+01:00;48.9155156,2.3814103;Aubervilliers;
41209;Cimetière de Fontenay-sous-Bois;OUI;15;11;4;0;4;OUI;OUI;2022-03-11T23:02:31+01:00;48.84706173362218,2.4787822365760808;Fontenay-sous-Bois;
15042;Henry Farman;OUI;16;7;7;3;4;OUI;OUI;2022-03-11T23:01:41+01:00;48.83372430280548,2.2713854536414146;Paris;
18031;Place Albert Kahn;OUI;46;39;6;2;4;OUI;OUI;2022-03-11T22:57:46+01:00;48.8957969797804,2.345585584134864;Paris;
20112;Jourdain - Place des Grandes Rigoles;OUI;22;15;7;3;4;OUI;OUI;2022-03-11T23:02:28+01:00;48.87403113727167,2.38959476351738;Paris;
42014;Place Marcel Cachin;OUI;32;20;11;10;1;OUI;OUI;2022-03-11T23:01:41+01:00;48.81411442356866,2.39090770483017;Ivry-sur-Seine;
21312;Lucie Aubrac - Fort;OUI;30;26;4;1;3;OUI;OUI;2022-03-11T23:02:48+01:00;48.818144834008976,2.271184623241425;Issy-les-Moulineaux;
14106;Marc Sangnier - Porte de Vanves;OUI;21;17;4;1;3;OUI;OUI;2022-03-11T22:57:34+01:00;48.825218683556734,2.3107116669416428;Paris;
18011;Pajol - Place Herbert;OUI;39;22;17;2;15;OUI;OUI;2022-03-11T23:01:51+01:00;48.8927825,2.3635598;Paris;
31102;Boissière - Etienne Dolet;OUI;21;18;3;0;3;OUI;OUI;2022-03-11T22:59:43+01:00;48.876111,2.4677312;Montreuil;
15104;Hôpital Européen Georges Pompidou;OUI;64;38;25;24;1;OUI;OUI;2022-03-11T23:02:09+01:00;48.83769531916335,2.275374233722687;Paris;
44013;Edouard Tremblay - Julian Grimau;OUI;30;23;6;2;4;OUI;OUI;2022-03-11T22:57:39+01:00;48.78138382511671,2.3723508417606354;Vitry-sur-Seine;
22202;Jean Marin Naudin - Stalingrad;OUI;30;21;8;1;7;OUI;OUI;2022-03-11T23:02:03+01:00;48.805713897355375,2.320202328264713;Bagneux;
15109;Cevennes - Bergers;OUI;29;0;25;20;5;OUI;OUI;2022-03-11T23:01:28+01:00;48.84240765130395,2.281037718057633;Paris;
19103;Manin - Carrières d'Amérique;OUI;20;2;15;8;7;OUI;OUI;2022-03-11T23:01:56+01:00;48.88467214209463,2.3919698596000676;Paris;
14012;Sibelle - Alésia;OUI;25;15;9;5;4;OUI;OUI;2022-03-11T22:56:47+01:00;48.826701758539215,2.3384983465075493;Paris;
10024;Buisson Saint-Louis - Saint-Maur;OUI;19;5;14;6;8;OUI;OUI;2022-03-11T23:01:22+01:00;48.87174684930295,2.3722528328789854;Paris;
15133;Saint Lambert - Blomet;OUI;27;4;23;13;10;OUI;OUI;2022-03-11T22:59:46+01:00;48.83659148147257,2.2930556908249855;Paris;
15105;Fédération - Suffren;OUI;25;10;15;15;0;OUI;OUI;2022-03-11T23:02:23+01:00;48.852828153442346,2.2978776320815086;Paris;
21006;Marcelin Berthelot;OUI;27;17;9;3;6;OUI;OUI;2022-03-11T22:53:39+01:00;48.8415473058801,2.233161628246308;Boulogne-Billancourt;
18028;Championnet - Vauvenargues;OUI;33;25;7;2;5;OUI;OUI;2022-03-11T22:59:18+01:00;48.89401874744574,2.3319872841238976;Paris;
10042;Enghien - Faubourg Poissonnière;OUI;16;16;0;0;0;NON;NON;2021-02-21T21:15:22+01:00;48.87242006305313,2.348395236282807;Paris;
20037;Gambetta - Saint Fargeau;OUI;24;24;0;0;0;OUI;OUI;2022-03-11T22:57:20+01:00;48.871244610447015,2.4039056897163396;Paris;
20131;Repos - Cimetière du Père Lachaise;OUI;33;28;4;0;4;OUI;OUI;2022-03-11T23:00:10+01:00;48.859358523592554,2.389613136684456;Paris;
5018;Mutualité;OUI;37;10;26;17;9;OUI;OUI;2022-03-11T22:59:33+01:00;48.8482255727241,2.350287325680256;Paris;
31008;François Debergue - Croix de Chavaux;OUI;57;49;6;3;3;OUI;OUI;2022-03-11T23:02:45+01:00;48.857421708072074,2.437578141689301;Montreuil;
8017;Rocher - Laborde;OUI;65;43;22;14;8;OUI;OUI;2022-03-11T23:02:22+01:00;48.87590240712654,2.322616316378116;Paris;
41202;Gare Rer de Fontenay sous Bois;OUI;61;57;4;2;2;OUI;OUI;2022-03-11T22:59:03+01:00;48.8436279,2.4630465;Fontenay-sous-Bois;
15054;Lecourbe - Jean Maridor;OUI;19;3;13;7;6;OUI;OUI;2022-03-11T22:59:22+01:00;48.83796366147599,2.2877392172813416;Paris;
31708;Noisy le Sec - Jean-Baptiste Clément;OUI;22;18;4;0;4;OUI;OUI;2022-03-11T22:57:06+01:00;48.87451538963655,2.415283620357514;Bagnolet;
15106;Grenelle - Violet;OUI;35;3;32;25;7;OUI;OUI;2022-03-11T23:02:14+01:00;48.84993035512154,2.294612042605877;Paris;
9116;Victoire - Chaussée d'Antin;OUI;24;15;8;5;3;OUI;OUI;2022-03-11T22:59:44+01:00;48.875065791004396,2.3316738009452824;Paris;
14008;Mouton Duvernet - Général Leclerc;OUI;39;32;4;0;4;OUI;OUI;2022-03-11T23:02:35+01:00;48.831632518292565,2.3293121159076686;Paris;
17013;Legendre - Dulong;OUI;23;15;8;5;3;OUI;OUI;2022-03-11T23:02:44+01:00;48.885325169402904,2.316423766314984;Paris;
5124;Erasme - Ulm;OUI;24;23;0;0;0;OUI;OUI;2022-03-11T22:59:46+01:00;48.84264375274712,2.3445946723222733;Paris;
11026;Chemin Vert - Saint-Maur;OUI;45;36;8;5;3;OUI;OUI;2022-03-11T22:58:23+01:00;48.86112461407359,2.381299026310444;Paris;
18046;Etienne Jodelle - Saint Ouen;OUI;33;19;14;0;14;OUI;OUI;2022-03-11T23:00:39+01:00;48.88794016394694,2.326124420314341;Paris;
11030;Oberkampf - République;OUI;24;10;14;2;12;OUI;OUI;2022-03-11T23:01:33+01:00;48.865316087070475,2.3761147849099955;Paris;
22406;Guy Môquet - Etienne Dolet;OUI;23;4;19;0;19;OUI;OUI;2022-03-11T22:58:36+01:00;48.81527009991819,2.298078276995073;Malakoff;
8057;Hoche - Tilsitt;OUI;33;31;1;0;1;OUI;OUI;2022-03-11T22:58:03+01:00;48.87483645783703,2.297132313251496;Paris;
35002;Jean Jaurès - Presles;OUI;30;23;6;3;3;OUI;OUI;2022-03-11T23:00:37+01:00;48.90713441498779,2.396005728053061;Pantin;
15021;Joseph Liouville - Croix Nivert;OUI;64;21;43;41;2;OUI;OUI;2022-03-11T22:59:31+01:00;48.844835471244416,2.297508493065834;Paris;
2111;Chabanais - Petits Champs;OUI;30;8;20;10;10;OUI;OUI;2022-03-11T22:59:55+01:00;48.86703740186721,2.336716018617153;Paris;
17105;Place Madeleine Daniélou;OUI;42;34;7;3;4;OUI;OUI;2022-03-11T23:01:27+01:00;48.883498,2.282015;Paris;
8054;Bertie Albrecht - Hoche;OUI;32;29;3;2;1;OUI;OUI;2022-03-11T22:53:06+01:00;48.87614039826388,2.301303138307601;Paris;
11105;Parmentier - République;OUI;50;27;22;15;7;OUI;OUI;2022-03-11T22:58:35+01:00;48.8644954,2.3750124;Paris;
21209;Molière - République;OUI;30;25;5;0;5;OUI;OUI;2022-03-11T22:59:36+01:00;48.81111581390707,2.3145738624448158;Montrouge;
20134;Lieutenant Chauré - Etienne Marey;OUI;20;17;3;0;3;OUI;OUI;2022-03-11T22:53:39+01:00;48.86746195408435,2.405970990657807;Paris;
35010;Hoche - Jean Lolive;OUI;24;21;3;1;2;OUI;OUI;2022-03-11T23:01:47+01:00;48.89110239200789,2.402843534946442;Pantin;
15103;Cauchy - Cévennes;OUI;51;1;47;44;3;OUI;OUI;2022-03-11T23:02:14+01:00;48.8433725710224,2.275132834911347;Paris;
21005;Hôtel de Ville de Boulogne Billancourt;OUI;26;9;15;13;2;OUI;OUI;2022-03-11T23:02:01+01:00;48.83495885166784,2.2416803240776066;Boulogne-Billancourt;
21701;Larmeroux - Baudelaire;OUI;29;24;3;2;1;OUI;OUI;2022-03-11T22:58:46+01:00;48.816939911291605,2.280989480484553;Vanves;
14124;David Weill - Parc Montsouris;OUI;22;20;2;1;1;OUI;OUI;2022-03-11T23:00:35+01:00;48.821092374256104,2.333725690841675;Paris;
18009;Jean-François Lépine - Stephenson;OUI;22;14;7;5;2;OUI;OUI;2022-03-11T22:59:52+01:00;48.88611466796807,2.356855627529275;Paris;
15110;Place Robert Guillemard;OUI;24;1;22;22;0;OUI;OUI;2022-03-11T23:00:23+01:00;48.836191728066666,2.2811267160086417;Paris;
16038;Molitor - Chardon-Lagache;OUI;34;21;13;8;5;OUI;OUI;2022-03-11T23:01:59+01:00;48.84520880183234,2.2656840831041336;Paris;
18022;Marcadet - Barbès;OUI;37;13;21;1;20;OUI;OUI;2022-03-11T23:01:05+01:00;48.89045112096476,2.349057392968696;Paris;
14110;Abbé Carton - Plantes;OUI;25;18;7;3;4;OUI;OUI;2022-03-11T22:58:14+01:00;48.827673823165846,2.320918142795563;Paris;
21015;Nationale - Place Jules Guesde;OUI;23;10;12;7;5;OUI;OUI;2022-03-11T22:54:33+01:00;48.82753962462998,2.2416052222251897;Boulogne-Billancourt;
17125;Marie-Georges Picquart - Pereire;OUI;32;23;9;4;5;OUI;OUI;2022-03-11T23:02:33+01:00;48.88863669349711,2.3111706599593163;Paris;
44003;Gabriel Péri - Danielle Casanova;OUI;20;5;14;10;4;OUI;OUI;2022-03-11T23:01:26+01:00;48.790114,2.4025777;Vitry-sur-Seine;
16136;Théophile Gautier - François Millet;OUI;30;13;16;13;3;OUI;OUI;2022-03-11T23:00:02+01:00;48.85034821320644,2.273029983043671;Paris;
15034;Lakanal - Commerce;OUI;53;44;8;6;2;OUI;OUI;2022-03-11T23:02:48+01:00;48.84442462786544,2.294059172272682;Paris;
19022;Marché Secrétan;OUI;26;20;6;5;1;OUI;OUI;2022-03-11T23:01:50+01:00;48.88125496379482,2.373463287949562;Paris;
41404;Carnot - Pâquerettes;OUI;26;13;13;9;4;OUI;OUI;2022-03-11T22:59:05+01:00;48.79592939432515,2.4261841177940373;Alfortville;
11024;Mairie du 11ème;OUI;51;11;39;19;20;OUI;OUI;2022-03-11T23:02:05+01:00;48.858925,2.3789759;Paris;
22203;Tertres - Fontaine;OUI;28;26;2;0;2;OUI;OUI;2022-03-11T22:56:31+01:00;48.787553654715644,2.306235730648041;Bagneux;
32302;Chemin Vert - Fraternité;OUI;20;15;5;1;4;OUI;OUI;2022-03-11T23:00:19+01:00;48.877141208359035,2.4461565166711807;Romainville;
48010;Karl Marx.;OUI;16;7;9;0;9;OUI;OUI;2022-03-11T23:02:32+01:00;48.784527937293184,2.3646667979455587;Villejuif;
10014;Marseille - Beaurepaire;OUI;55;4;51;41;10;OUI;OUI;2022-03-11T23:01:21+01:00;48.871624306962985,2.3639265082738348;Paris;
42021;Raspail - Manufacture des Oeillets;OUI;32;18;14;7;7;OUI;OUI;2022-03-11T22:59:12+01:00;48.8094458,2.3903009;Ivry-sur-Seine;
9032;Mathurins - Auber;OUI;36;25;10;7;3;OUI;OUI;2022-03-11T23:02:18+01:00;48.872988840743595,2.3294984212276404;Paris;
35020;Marcelle - Thalie;OUI;20;18;1;0;1;OUI;OUI;2022-03-11T22:56:50+01:00;48.8835462,2.4137883;Pantin;
11035;Parmentier - Abel Rabaud;OUI;52;31;21;6;15;OUI;OUI;2022-03-11T22:59:47+01:00;48.86921273836114,2.371688821240712;Paris;
25003;Henri Ste-Claire Déville - Paul Héroult;OUI;24;9;12;11;1;OUI;OUI;2022-03-11T23:02:48+01:00;48.892663,2.172411;Rueil-Malmaison;
16040;Exelmans - Michel-Ange;OUI;33;21;9;5;4;OUI;OUI;2022-03-11T23:02:28+01:00;48.84309486651855,2.2597770800669053;Paris;
20115;Louis Lumière - Porte de Bagnolet;OUI;20;14;5;2;3;OUI;OUI;2022-03-11T22:57:42+01:00;48.86431136000005,2.4105210229754443;Paris;
19029;Seine - Flandre;OUI;19;5;14;7;7;OUI;OUI;2022-03-11T23:01:58+01:00;48.886785741479684,2.3746193200349808;Paris;
31003;Paris - Emile Zola;OUI;30;29;1;0;1;OUI;OUI;2022-03-11T22:53:26+01:00;48.854898095789295,2.4186685681343083;Montreuil;
11042;Grand Prieuré - Crussol;OUI;49;4;39;34;5;OUI;OUI;2022-03-11T22:57:38+01:00;48.86466062793517,2.369226553182906;Paris;
22402;Jean Jaurès - Salvador Allende;OUI;43;31;10;1;9;OUI;OUI;2022-03-11T22:57:17+01:00;48.821475594736775,2.3026576638221745;Malakoff;
32003;Wilson - Métallurgie;OUI;28;7;20;18;2;OUI;OUI;2022-03-11T23:02:12+01:00;48.909423010092326,2.3584435880184174;Saint-Denis;
21008;Victor Hugo - Galliéni;OUI;34;31;3;3;0;OUI;OUI;2022-03-11T22:59:54+01:00;48.83802015441127,2.2460845112800603;Boulogne-Billancourt;
19016;Hautpoul - Jean Jaurès;OUI;33;30;2;0;2;OUI;OUI;2022-03-11T22:58:39+01:00;48.88639367943585,2.386541454435452;Paris;
1119;Cossonnerie - Sébastopol;OUI;24;7;16;8;8;OUI;OUI;2022-03-11T23:02:06+01:00;48.86132665908402,2.349419631063938;Paris;
9005;Square d'Anvers;OUI;33;30;3;0;3;OUI;OUI;2022-03-11T23:02:41+01:00;48.882633484310816,2.344884406212207;Paris;
11039;Richard Lenoir - Jean-Pierre Timbaud;OUI;36;4;31;31;0;OUI;OUI;2022-03-11T23:02:42+01:00;48.86580427668637,2.369337074966926;Paris;
7102;Mairie du 7ème;OUI;27;11;15;13;2;OUI;OUI;2022-03-11T23:02:24+01:00;48.8577967,2.3192664;Paris;
16008;Galilée - Kléber;OUI;33;31;2;0;2;OUI;OUI;2022-03-11T22:59:30+01:00;48.86741186571367,2.290781380114821;Paris;
19013;Laumière - Petit;OUI;34;31;2;0;2;OUI;OUI;2022-03-11T23:02:47+01:00;48.88467368538326,2.380039058625698;Paris;
17031;Place de la Porte de Champerret;OUI;28;18;9;8;1;OUI;OUI;2022-03-11T22:58:21+01:00;48.88561741628322,2.290781411279206;Paris;
42301;Gare Arcueil - Cachan;OUI;26;22;4;0;4;OUI;OUI;2022-03-11T22:54:52+01:00;48.799824,2.328171;Arcueil;
5106;Cujas - Saint-Michel;OUI;19;15;3;1;2;OUI;OUI;2022-03-11T23:00:19+01:00;48.84819134858432,2.34183165485398;Paris;
20121;Boyer - Ménilmontant;OUI;19;5;14;2;12;OUI;OUI;2022-03-11T22:59:45+01:00;48.86889516267913,2.3919824145634565;Paris;
13050;Quai Panhard et Levassor;OUI;57;16;39;33;6;OUI;OUI;2022-03-11T23:00:41+01:00;48.82837482809675,2.384273745805574;Paris;
42015;Place Jean Ferrat;OUI;25;17;8;3;5;OUI;OUI;2022-03-11T22:58:28+01:00;48.8184945213025,2.3744174838066106;Ivry-sur-Seine;
32604;Square du Théâtre du Garde-Chasse;OUI;50;48;2;1;1;OUI;OUI;2022-03-11T22:56:08+01:00;48.881287375060616,2.420119643211365;Les Lilas;
15201;Place Amédée Gordini - Lefebvre;OUI;38;31;6;0;6;OUI;OUI;2022-03-11T22:56:41+01:00;48.83061737745046,2.2920634208276174;Paris;
19024;Botzaris - Parc des Buttes Chaumont;OUI;20;19;1;0;1;OUI;OUI;2022-03-11T22:52:55+01:00;48.877951,2.381464;Paris;
5006;Saint-Jacques - Soufflot;OUI;19;17;2;1;1;OUI;OUI;2022-03-11T23:01:04+01:00;48.8465255,2.343099;Paris;
9010;Rochechouart lamartine;OUI;24;14;10;9;1;OUI;OUI;2022-03-11T22:57:20+01:00;48.876719895109,2.344393021853951;Paris;
8013;Marignan - Champs-Elysées;OUI;35;28;6;6;0;OUI;OUI;2022-03-11T23:00:32+01:00;48.869495661232406,2.306613813900307;Paris;
5012;Estrapade - Ulm;OUI;16;12;4;1;3;OUI;OUI;2022-03-11T23:00:01+01:00;48.84512772828039,2.3454568170361734;Paris;
41402;Victor Hugo - Ecoles;OUI;25;12;12;7;5;OUI;OUI;2022-03-11T22:55:41+01:00;48.80476007936134,2.4180373930262093;Alfortville;
22003;Beffroy;OUI;26;14;10;4;6;OUI;OUI;2022-03-11T23:00:38+01:00;48.886591074487995,2.261394560337067;Neuilly-sur-Seine;
43003;Hôpital Bégin;OUI;26;20;6;2;4;OUI;OUI;2022-03-11T23:01:38+01:00;48.84571672113014,2.4272462725639348;Vincennes;
41601;Général De Gaulle - Alouette;OUI;26;20;6;3;3;OUI;OUI;2022-03-11T23:00:34+01:00;48.839109,2.4175664;Saint-Mandé;
12009;Charenton - Diderot;OUI;18;1;17;10;7;OUI;OUI;2022-03-11T23:01:30+01:00;48.84617146118711,2.3793068155646324;Paris;
16108;Sablons - Georges Mandel;OUI;38;30;6;0;6;OUI;OUI;2022-03-11T22:53:24+01:00;48.863875,2.28189;Paris;
11036;Jules Ferry - Faubourg du Temple Paris;OUI;58;16;40;35;5;OUI;OUI;2022-03-11T23:02:35+01:00;48.868397,2.3678933;Paris;
43005;Gare RER de Vincennes;OUI;51;49;0;0;0;OUI;OUI;2022-03-11T23:02:47+01:00;48.847563015126106,2.433383166790009;Vincennes;
18012;Stephenson - Doudeauville;OUI;36;28;7;4;3;OUI;OUI;2022-03-11T22:58:45+01:00;48.888537048944826,2.3561610281467438;Paris;
19032;Villette - Belleville;OUI;48;23;18;8;10;OUI;OUI;2022-03-11T23:02:26+01:00;48.872687731400255,2.3764613270759587;Paris;
23009;Anatole France - Louise Michel;OUI;50;47;3;2;1;OUI;OUI;2022-03-11T22:57:32+01:00;48.88873214926474,2.2881576418876652;Levallois-Perret;
24001;Arche - Léonard de Vinci;OUI;28;22;4;3;1;OUI;OUI;2022-03-11T22:59:38+01:00;48.89790972494496,2.2383723043644914;Courbevoie;
11007;Jean Macé - Faidherbe;OUI;63;26;37;25;12;OUI;OUI;2022-03-11T23:02:18+01:00;48.85337548425958,2.3828620836138725;Paris;
22016;Charles de Gaulle - Sablonville;OUI;26;20;5;5;0;OUI;OUI;2022-03-11T22:53:41+01:00;48.87991924860035,2.2763770446181297;Neuilly-sur-Seine;
32303;Gaston Roussel - Commune de Paris;OUI;30;14;15;8;7;OUI;OUI;2022-03-11T22:59:08+01:00;48.89432034553156,2.432552274419542;Romainville;
14136;Auguste Cain - Jean Moulin;OUI;40;37;3;1;2;OUI;OUI;2022-03-11T23:00:43+01:00;48.82577028927573,2.3210415244102482;Paris;
42029;Stalingrad - Germaine Tailleferre;OUI;28;12;15;8;7;OUI;OUI;2022-03-11T23:02:26+01:00;48.80257200481316,2.3786691203713417;Ivry-sur-Seine;
8025;Miromesnil - La Boétie;OUI;35;24;11;6;5;OUI;OUI;2022-03-11T23:02:27+01:00;48.87372241291653,2.315848097205162;Paris;
21305;Place Jacques Madaule;OUI;25;21;3;1;2;OUI;OUI;2022-03-11T22:53:06+01:00;48.8239337873086,2.2606918215751652;Issy-les-Moulineaux;
5123;Saint-Germain - Thenard;OUI;31;24;7;3;4;OUI;OUI;2022-03-11T22:58:44+01:00;48.850571,2.3471015;Paris;
21313;Guynemer - Séverine;OUI;26;6;18;15;3;OUI;OUI;2022-03-11T23:01:06+01:00;48.83091743371036,2.2790706530213356;Issy-les-Moulineaux;
13002;Arago - Glacière;OUI;27;12;14;7;7;OUI;OUI;2022-03-11T23:00:12+01:00;48.83486054775774,2.3445770524322067;Paris;
6013;Jacques Callot - Mazarine;OUI;28;6;20;12;8;OUI;OUI;2022-03-11T23:01:29+01:00;48.85528017533187,2.337574325501919;Paris;
42010;Mairie d'Ivry-sur-Seine;OUI;53;17;35;23;12;OUI;OUI;2022-03-11T23:01:35+01:00;48.81057120969284,2.3842826485633855;Ivry-sur-Seine;
26007;Square Gilbert Thomain;OUI;20;12;8;0;8;OUI;OUI;2022-03-11T22:55:30+01:00;48.90717373809284,2.2695400938391685;Asnières-sur-Seine;
15046;Parc Georges Brassens - Brancion;OUI;29;18;11;10;1;OUI;OUI;2022-03-11T22:54:10+01:00;48.83227829269761,2.3022570088505745;Paris;
17102;Alfred Roll - Berthier;OUI;28;10;14;8;6;OUI;OUI;2022-03-11T22:54:31+01:00;48.88780857052871,2.30009529817631;Paris;
46001;Place Paul Eluard;OUI;19;6;12;9;3;OUI;OUI;2022-03-11T22:58:16+01:00;48.7672039733195,2.4144977331161503;Choisy-le-Roi;
16111;Faustin Hélie - Desbordes-Valmore;OUI;33;31;0;0;0;OUI;OUI;2022-03-11T23:02:14+01:00;48.859403,2.276522;Paris;
22006;Pierret - Madrid;OUI;28;19;9;7;2;OUI;OUI;2022-03-11T23:02:00+01:00;48.882976576876565,2.260125767248034;Neuilly-sur-Seine;
7015;Varenne;OUI;47;37;9;5;4;OUI;OUI;2022-03-11T23:02:08+01:00;48.8572026618033,2.315277121961117;Paris;
17028;Reims - Raymond Pitet;OUI;37;34;2;1;1;OUI;OUI;2022-03-11T22:54:29+01:00;48.8888,2.296319;Paris;
14021;Place de la Porte de Châtillon;OUI;59;49;10;1;9;OUI;OUI;2022-03-11T22:59:19+01:00;48.8242469,2.3186306;Paris;
21301;Saint-Vincent - Verdun;OUI;34;7;25;22;3;OUI;OUI;2022-03-11T23:02:17+01:00;48.819211549234495,2.254007756710053;Issy-les-Moulineaux;
15025;Dupleix - du Guesclin;OUI;47;4;43;33;10;OUI;OUI;2022-03-11T23:02:06+01:00;48.85147910413369,2.296709530055523;Paris;
42302;Aristide Briand - Gare de Bagneux;OUI;22;11;10;3;7;OUI;OUI;2022-03-11T23:01:14+01:00;48.79387269664978,2.321148812770844;Cachan;
35018;Ancien Canal - Hélène Brion;OUI;23;20;3;1;2;OUI;OUI;2022-03-11T22:58:06+01:00;48.89484799296163,2.4188338592648506;Pantin;
21110;Parc Roger Salengro;OUI;35;35;0;0;0;NON;NON;2022-03-11T22:54:17+01:00;48.905303858641844,2.310559451580048;Clichy;
18110;Departement - Pajol;OUI;19;10;9;5;4;OUI;OUI;2022-03-11T22:55:57+01:00;48.886674849730184,2.3613611608743668;Paris;
21104;Madame de Sanzillon - Mozart;OUI;22;14;8;0;8;OUI;OUI;2022-03-11T23:00:55+01:00;48.90379820774301,2.3187401890754704;Clichy;
32602;Mairie des Lilas;OUI;47;45;2;0;2;OUI;OUI;2022-03-11T22:56:25+01:00;48.8792834,2.4160182;Les Lilas;
15013;Volontaire - Lecourbe;OUI;31;17;13;7;6;OUI;OUI;2022-03-11T23:01:05+01:00;48.8435137879902,2.3065522313117985;Paris;
41606;Pasteur - Gambetta;OUI;19;11;8;6;2;OUI;OUI;2022-03-11T23:01:36+01:00;48.84572797384512,2.4236011505126953;Saint-Mandé;
1002;Victoria - Place du Chatelet;OUI;22;3;19;10;9;OUI;OUI;2022-03-11T23:00:53+01:00;48.85799259152685,2.3469167947769165;Paris;
43402;Place de Verdun;OUI;40;12;27;22;5;OUI;OUI;2022-03-11T23:02:45+01:00;48.8202823,2.473775;Joinville-le-Pont;
11004;Charonne - Faubourg Saint-Antoine;OUI;34;2;30;29;1;OUI;OUI;2022-03-11T23:01:06+01:00;48.85219190969573,2.3740932717919354;Paris;
24002;Gare de Courbevoie;OUI;36;29;4;4;0;OUI;OUI;2022-03-11T22:58:10+01:00;48.8993867,2.2506506;Courbevoie;
42504;Gare RER de Gentilly;OUI;30;12;18;6;12;OUI;OUI;2022-03-11T23:02:37+01:00;48.814280450380224,2.3410347104072575;Gentilly;
14117;Gare Montparnasse - René Mouchotte;OUI;39;28;11;0;11;OUI;OUI;2022-03-11T23:02:07+01:00;48.83920384329242,2.320883944630623;Paris;
19008;Flandre - Alphonse Karr;OUI;26;16;10;6;4;OUI;OUI;2022-03-11T23:01:43+01:00;48.89465,2.381868;Paris;
23001;Paul Vaillant Couturier - Chaptal;OUI;39;35;4;3;1;OUI;OUI;2022-03-11T23:00:00+01:00;48.89347957618252,2.277525365352631;Levallois-Perret;
20111;Villiers de l'Isle Adam - Pyrénées;OUI;20;13;7;1;6;OUI;OUI;2022-03-11T23:02:37+01:00;48.867362,2.396222;Paris;
17037;Bayen - Pereire;OUI;22;16;6;5;1;OUI;OUI;2022-03-11T23:02:32+01:00;48.881804409079656,2.2921088710427284;Paris;
32016;Place de la Porte de Paris;OUI;40;25;13;5;8;OUI;OUI;2022-03-11T22:59:00+01:00;48.93009363207303,2.3564037680625916;Saint-Denis;
16124;Route de Sèvres - Porte de Bagatelle;OUI;66;12;53;52;1;OUI;OUI;2022-03-11T23:02:10+01:00;48.87525984132485,2.249415814876557;Paris;
9021;Saint Georges - d'Aumale;OUI;23;12;9;3;6;OUI;OUI;2022-03-11T23:01:32+01:00;48.87778639599673,2.337429821491241;Paris;
20043;Charonne - Avron;OUI;27;13;13;3;10;OUI;OUI;2022-03-11T23:02:38+01:00;48.85160266522164,2.398403047037931;Paris;
31010;Stalingrad - Désiré Chevalier;OUI;42;25;17;4;13;OUI;OUI;2022-03-11T23:02:28+01:00;48.85670169739857,2.445072233676911;Montreuil;
33009;Félix Faure - Sadi Carnot;OUI;33;20;12;4;8;OUI;OUI;2022-03-11T23:01:59+01:00;48.90812110228388,2.378623187541962;Aubervilliers;
92008;Hôtel de Ville de Nanterre;OUI;38;5;33;10;23;OUI;OUI;2022-03-11T23:02:29+01:00;48.892371898250424,2.205548956990242;Nanterre;
5021;Jussieu - Fossés Saint-Bernard;OUI;39;14;24;17;7;OUI;OUI;2022-03-11T23:01:01+01:00;48.84718551002347,2.3534858599305153;Paris;
7005;Raspail - Bac;OUI;52;45;6;3;3;OUI;OUI;2022-03-11T23:01:45+01:00;48.855628721100935,2.3256602883338933;Paris;
32010;Place aux Étoiles;OUI;40;33;7;3;4;OUI;OUI;2022-03-11T23:02:05+01:00;48.91835629408464,2.3523425683379173;Saint-Denis;
19125;Place de l'Édit de Nantes;OUI;30;24;3;0;3;OUI;OUI;2022-03-11T23:02:37+01:00;48.88879,2.3785;Paris;
16018;Flandrin - Henri Martin;OUI;18;15;2;0;2;OUI;OUI;2022-03-11T22:57:35+01:00;48.8643275,2.2724174;Paris;
14036;Boulard - Daguerre;OUI;45;44;1;0;1;OUI;OUI;2022-03-11T22:59:45+01:00;48.83446472680611,2.3293386027216907;Paris;
15010;Square Cambronne;OUI;59;21;35;30;5;OUI;OUI;2022-03-11T22:59:17+01:00;48.847566545259745,2.3025691509246826;Paris;
18201;Tristan Tzara -  Tchaïkovski;OUI;33;21;9;6;3;OUI;OUI;2022-03-11T22:55:39+01:00;48.89490221746837,2.3648490384221077;Paris;
7009;Assemblée Nationale;OUI;63;31;30;20;10;OUI;OUI;2022-03-11T22:56:26+01:00;48.86141101465194,2.320121418520769;Paris;
11009;Boulets - Voltaire;OUI;24;5;17;12;5;OUI;OUI;2022-03-11T23:02:03+01:00;48.85218705621031,2.389030158519745;Paris;
17042;Porte Maillot - Pereire;OUI;52;42;8;7;1;OUI;OUI;2022-03-11T23:01:28+01:00;48.877775,2.284444;Paris;
8035;Bienfaisance - Place de Narvik;OUI;36;36;0;0;0;OUI;OUI;2022-03-11T22:58:15+01:00;48.87660163459077,2.3129771277308464;Paris;
15033;Place Violet;OUI;30;17;12;9;3;OUI;OUI;2022-03-11T23:00:57+01:00;48.84487893836502,2.2905756533145905;Paris;
28001;Richard Wallace - Place du 8 Mai 1945;OUI;30;10;18;12;6;OUI;OUI;2022-03-11T22:59:51+01:00;48.87866794788021,2.2420343756675725;Puteaux;
15122;Place Charles Vallin;OUI;26;19;6;4;2;OUI;OUI;2022-03-11T22:58:44+01:00;48.83552381204077,2.302598655223847;Paris;
19005;Flandre - Riquet;OUI;21;19;1;0;1;OUI;OUI;2022-03-11T23:02:38+01:00;48.888013281448,2.3737595955229;Paris;
8033;Commandant Rivière;OUI;27;5;21;7;14;OUI;OUI;2022-03-11T23:01:56+01:00;48.872933,2.309796;Paris;
11115;Montreuil - Gonnet;OUI;24;6;14;8;6;OUI;OUI;2022-03-11T22:58:53+01:00;48.85050056492107,2.389085628786445;Paris;
5114;Claude Bernard - Arbalète;OUI;17;8;7;0;7;OUI;OUI;2022-03-11T23:02:37+01:00;48.83976676978202,2.347510904073715;Paris;
12115;Porte de Vincennes;OUI;33;23;10;9;1;OUI;OUI;2022-03-11T22:59:10+01:00;48.846454,2.415514;Paris;
19019;Petit - Manin;OUI;22;13;8;4;4;OUI;OUI;2022-03-11T23:02:46+01:00;48.88650687534334,2.3938155401308374;Paris;
17011;Fragonard - Porte de Clichy;OUI;56;14;39;37;2;OUI;OUI;2022-03-11T23:01:27+01:00;48.89415563341899,2.314389310777188;Paris;
21403;Gare de Clamart;OUI;14;14;0;0;0;OUI;OUI;2022-03-11T22:53:26+01:00;48.81383535598703,2.272278964519501;Clamart;
17045;Place des Ternes.;OUI;46;45;1;0;1;OUI;OUI;2022-03-11T23:02:12+01:00;48.878438631226516,2.297727763652802;Paris;
42707;Place Jean-Baptiste Clément;OUI;25;20;5;2;3;OUI;OUI;2022-03-11T22:55:15+01:00;48.81240466867336,2.3617091774940495;Le Kremlin-Bicêtre;
33018;Edouard Poisson - Victor Hugo;OUI;30;12;17;9;8;OUI;OUI;2022-03-11T23:02:34+01:00;48.91118557052621,2.379864752692811;Aubervilliers;
20036;Ménilmontant - Pelleport;OUI;19;15;4;1;3;OUI;OUI;2022-03-11T23:01:42+01:00;48.87068263384462,2.398959602331646;Paris;
12013;Montgallet - Reuilly;OUI;16;4;12;3;9;OUI;OUI;2022-03-11T22:56:15+01:00;48.844291,2.3896481;Paris;
5119;Jussieu - Guy de la Brosse;OUI;40;30;9;8;1;OUI;OUI;2022-03-11T23:02:31+01:00;48.845665,2.355653;Paris;
10113;Parmentier - Hôpital Saint-Louis;OUI;43;31;11;4;7;OUI;OUI;2022-03-11T23:00:11+01:00;48.87137987425661,2.369896383666685;Paris;
35009;Jean Lolive - Parc Stalingrad;OUI;22;20;2;1;1;OUI;OUI;2022-03-11T22:58:12+01:00;48.89206174403158,2.4091735482215886;Pantin;
12027;Montgallet - Charenton;OUI;16;2;14;7;7;OUI;OUI;2022-03-11T23:02:12+01:00;48.84264777870052,2.386164927813738;Paris;
8055;Courcelles - Place des Ternes;OUI;31;30;0;0;0;OUI;OUI;2022-03-11T22:53:52+01:00;48.878199928923124,2.2992860188665043;Paris;
16121;Jardin d'Acclimatation;OUI;33;7;26;21;5;OUI;OUI;2022-03-11T23:00:14+01:00;48.878772242510465,2.270772233605385;Paris;
13014;Gare d'Austerlitz;OUI;14;0;14;10;4;OUI;OUI;2022-03-11T23:00:17+01:00;48.842524,2.364044;Paris;
18141;Clignancourt - Sofia;OUI;19;5;14;5;9;OUI;OUI;2022-03-11T23:02:06+01:00;48.88511992309783,2.34719488842051;Paris;
27002;Parc Pierre Lagravère;OUI;30;6;23;14;9;OUI;OUI;2022-03-11T23:01:30+01:00;48.92650488131725,2.239069678491417;Colombes;
41102;Gare de Laplace;OUI;43;41;2;0;2;OUI;OUI;2022-03-11T22:57:27+01:00;48.80893199114179,2.3349460959434514;Arcueil;
20120;Evariste Galois;OUI;30;27;3;0;3;OUI;OUI;2022-03-11T22:52:51+01:00;48.87308753734472,2.4133380129933357;Paris;
11102;Alexandre Dumas - Voltaire;OUI;59;38;16;9;7;OUI;OUI;2022-03-11T23:01:43+01:00;48.85288867036487,2.389147640809553;Paris;
23701;Parvis Robert Schuman - Roger Salengro;OUI;24;14;10;1;9;OUI;OUI;2022-03-11T22:59:30+01:00;48.812657470558754,2.1921751275658607;Chaville;
19004;Quai de la Loire - Jean Jaurès;OUI;16;7;8;4;4;OUI;OUI;2022-03-11T23:00:42+01:00;48.88339733854529,2.371074522980134;Paris;
21502;Verdun - Place Henri IV;OUI;26;17;6;0;6;OUI;OUI;2022-03-11T23:00:34+01:00;48.870797375639214,2.2277003154158592;Suresnes;
33003;Bordier - Félix Faure;OUI;48;34;12;3;9;OUI;OUI;2022-03-11T23:02:25+01:00;48.90390751882016,2.3830059170722966;Aubervilliers;
14001;Edgar Quinet - Gaité;OUI;27;9;17;12;5;OUI;OUI;2022-03-11T23:00:54+01:00;48.84116092896631,2.32459545135498;Paris;
25005;18 juin 1940 - Buzenval;OUI;25;18;7;4;3;OUI;OUI;2022-03-11T22:53:12+01:00;48.868807,2.185428;Rueil-Malmaison;
12126;Gravelle - Route du Bac;OUI;51;32;18;8;10;OUI;OUI;2022-03-11T23:02:19+01:00;48.824407,2.418455;Paris;
22505;Mairie de La Garenne Colombes;OUI;22;13;9;6;3;OUI;OUI;2022-03-11T22:59:31+01:00;48.90663823468682,2.24679596722126;La Garenne-Colombes;
12024;Gare de Bercy;OUI;35;8;27;26;1;OUI;OUI;2022-03-11T23:02:22+01:00;48.839794573906,2.3826066032052;Paris;
13045;Jean Colly - Tolbiac;OUI;36;30;6;1;5;OUI;OUI;2022-03-11T23:01:51+01:00;48.827817291597846,2.3705490678548813;Paris;
17018;Parc Monceau;OUI;18;13;3;3;0;OUI;OUI;2022-03-11T23:02:25+01:00;48.88107791412864,2.3095492646098137;Paris;
19115;Porte de la Villette;OUI;27;18;7;0;7;OUI;OUI;2022-03-11T23:01:40+01:00;48.89835196548483,2.386150136590004;Paris;
15029;Emeriau - Place de Brazzaville;OUI;51;5;46;37;9;OUI;OUI;2022-03-11T23:02:24+01:00;48.850785261674964,2.2871585190296173;Paris;
14034;Ouest - Château;OUI;23;23;0;0;0;OUI;OUI;2022-03-11T23:00:45+01:00;48.83617286014242,2.319392143923804;Paris;
31702;Pierre et Marie Curie - Julien Grimau;OUI;18;17;1;0;1;OUI;OUI;2022-03-11T22:55:08+01:00;48.870714014863225,2.424097023904324;Bagnolet;
12034;Pirogues de Bercy - Libourne;OUI;49;15;34;24;10;OUI;OUI;2022-03-11T23:02:35+01:00;48.832308,2.38637;Paris;
18005;Tardieu - Chappe;OUI;18;14;4;0;4;OUI;OUI;2022-03-11T23:02:28+01:00;48.88414675978186,2.3418454080820084;Paris;
33019;Madeleine Vionnet;OUI;34;24;10;10;0;OUI;OUI;2022-03-11T22:52:57+01:00;48.90251907406377,2.37408958375454;Aubervilliers;
10005;Petites Ecuries - Faubourg Poissonnière;OUI;18;8;10;10;0;OUI;OUI;2022-03-11T23:02:09+01:00;48.87397217237368,2.348388757504776;Paris;
33001;Victor Hugo - Magasins Généraux;OUI;34;29;3;1;2;OUI;OUI;2022-03-11T23:00:20+01:00;48.903281401126755,2.368072383105755;Aubervilliers;
92004;Nanterre - Université;OUI;20;10;9;2;7;OUI;OUI;2022-03-11T22:55:18+01:00;48.901365,2.212693;Nanterre;
16034;Porte d'Auteuil;OUI;33;26;6;3;3;OUI;OUI;2022-03-11T23:02:30+01:00;48.8479394142243,2.2608396783471107;Paris;
20136;Henri Chevreau - Couronnes;OUI;27;19;7;0;7;OUI;OUI;2022-03-11T23:02:39+01:00;48.87033205312931,2.388777695596218;Paris;
12029;Dugommier;OUI;55;17;37;24;13;OUI;OUI;2022-03-11T23:02:03+01:00;48.8388110488154,2.38965779542923;Paris;
43006;Vignerons - Minimes;OUI;29;5;22;17;5;OUI;OUI;2022-03-11T23:01:24+01:00;48.841486,2.430793;Vincennes;
20132;Réunion - Avron;OUI;26;16;9;5;4;OUI;OUI;2022-03-11T23:01:14+01:00;48.852566752033766,2.403928068708116;Paris;
13104;Gare d'Austerlitz - Quai Saint-Bernard;OUI;27;27;0;0;0;NON;NON;2022-01-18T22:07:57+01:00;48.84369030864,2.3657163977623;Paris;
14019;Sarrette - Général Leclerc;OUI;22;17;5;1;4;OUI;OUI;2022-03-11T22:57:54+01:00;48.82503085292528,2.326412869398186;Paris;
14018;Porte d'Orléans;OUI;48;45;2;1;1;OUI;OUI;2022-03-11T22:59:59+01:00;48.8227639,2.3249313;Paris;
20119;Square des Saint-Simoniens;OUI;25;23;1;0;1;OUI;OUI;2022-03-11T22:59:02+01:00;48.8701796,2.3967273;Paris;
21111;Professeur René Leriche - Général Leclerc;OUI;50;4;42;37;5;OUI;OUI;2022-03-11T22:59:48+01:00;48.90782845483013,2.307887971401215;Clichy;
42207;Place des Marseillais;OUI;37;29;7;3;4;OUI;OUI;2022-03-11T23:02:36+01:00;48.82663907252554,2.4059280753135686;Charenton-le-Pont;
21308;Bara - Henri Farman;OUI;36;13;21;15;6;OUI;OUI;2022-03-11T23:01:51+01:00;48.833218027457846,2.2677567601203923;Issy-les-Moulineaux;
12030;Charenton - Wattignies;OUI;33;11;21;11;10;OUI;OUI;2022-03-11T23:01:35+01:00;48.83667579640627,2.391795855555629;Paris;
7006;Quai Voltaire;OUI;32;21;10;5;5;OUI;OUI;2022-03-11T22:59:30+01:00;48.85894298617901,2.331418204714572;Paris;
92003;Chanzy - Sud-Est;OUI;25;17;7;1;6;OUI;OUI;2022-03-11T22:59:47+01:00;48.888912037698766,2.195632159709931;Nanterre;
42503;Vladimir Ilitch Lénine - Andrée Chedid;OUI;31;24;7;2;5;OUI;OUI;2022-03-11T23:00:45+01:00;48.813199499999044,2.3321458697319035;Arcueil;
31705;Champeaux - Gallieni;OUI;50;43;2;0;2;OUI;OUI;2022-03-11T22:57:51+01:00;48.864459134684644,2.4161778017878532;Bagnolet;
17017;Gare de Pont-Cardinet;OUI;34;25;8;6;2;OUI;OUI;2022-03-11T22:58:29+01:00;48.88713901475306,2.314494143994255;Paris;
21109;Guichet - Jean Jaurès;OUI;28;7;21;17;4;OUI;OUI;2022-03-11T22:58:45+01:00;48.905169868129036,2.3023840785026555;Clichy;
21105;Morice - Général Leclerc;OUI;25;1;24;18;6;OUI;OUI;2022-03-11T22:53:46+01:00;48.90245471981591,2.3128929734230046;Clichy;
17007;Navier - Epinettes;OUI;36;23;10;7;3;OUI;OUI;2022-03-11T22:58:26+01:00;48.89587780769155,2.3226776719093327;Paris;
14139;Pierre Larousse - Raymond Losserand;OUI;30;29;1;0;1;OUI;OUI;2022-03-11T23:02:38+01:00;48.83059564231877,2.3119183257222176;Paris;
31012;Place Carnot;OUI;25;16;7;2;5;OUI;OUI;2022-03-11T22:52:55+01:00;48.85593932186797,2.441531717777252;Montreuil;
15055;Vasco de Gama;OUI;54;2;51;45;6;OUI;OUI;2022-03-11T23:02:40+01:00;48.83671783466264,2.283664085650799;Paris;
42023;Place Léon Gambetta;OUI;26;6;18;14;4;OUI;OUI;2022-03-11T23:01:43+01:00;48.81461250235386,2.4029293656349187;Ivry-sur-Seine;
16006;Lauriston - Copernic;OUI;19;11;8;1;7;OUI;OUI;2022-03-11T23:00:43+01:00;48.86926,2.289918;Paris;
16129;Ceinture du Lac Inferieure - Saint-Cloud;OUI;42;37;4;4;0;OUI;OUI;2022-03-11T23:01:43+01:00;48.86218070933143,2.2617871686816216;Paris;
7014;Saint-François-Xavier;OUI;42;20;20;10;10;OUI;OUI;2022-03-11T23:01:31+01:00;48.851544847689894,2.3146149516105656;Paris;
35019;Anatole France - Jean Lolive;OUI;28;19;9;1;8;OUI;OUI;2022-03-11T23:00:05+01:00;48.8949922,2.4253764;Pantin;
10023;Gare de l'Est - Verdun;OUI;14;10;3;1;2;OUI;OUI;2022-03-11T23:01:34+01:00;48.87615605427147,2.360914908320552;Paris;
14104;Boyer-Barret - Raymond Losserand;OUI;23;15;8;0;8;OUI;OUI;2022-03-11T23:02:47+01:00;48.83329880233322,2.3173383995890617;Paris;
12011;Charenton - Place du Col Bourgoin;OUI;35;6;28;24;4;OUI;OUI;2022-03-11T23:01:55+01:00;48.84486731955409,2.382578935054453;Paris;
20113;Piat - Parc de Belleville;OUI;21;16;5;0;5;OUI;OUI;2022-03-11T23:01:18+01:00;48.87195626635528,2.384981390278095;Paris;
6018;Michelet - Assas;OUI;18;13;3;1;2;OUI;OUI;2022-03-11T23:00:17+01:00;48.84274150283194,2.335021197795868;Paris;
41604;Lagny - Joffre;OUI;31;30;1;0;1;OUI;OUI;2022-03-11T22:56:10+01:00;48.84930687084088,2.417949736118317;Saint-Mandé;
19037;Belleville - Porte des Lilas;OUI;32;27;5;0;5;OUI;OUI;2022-03-11T22:59:45+01:00;48.87660391892763,2.404769691129476;Paris;
15017;Place Falguière;OUI;23;20;3;1;2;OUI;OUI;2022-03-11T23:02:36+01:00;48.83629973941847,2.3104464635252953;Paris;
20109;Haxo - Surmelin;OUI;21;21;0;0;0;OUI;OUI;2022-03-11T22:56:11+01:00;48.8694370761222,2.40539657537972;Paris;
5002;Sommerard - Saint-Jacques;OUI;34;18;16;14;2;OUI;OUI;2022-03-11T23:01:24+01:00;48.850310432924466,2.345015835298588;Paris;
15038;Place Adolphe Cherioux - Vaugirard;OUI;63;33;30;18;12;OUI;OUI;2022-03-11T22:57:29+01:00;48.83959442800459,2.3010657727718353;Paris;
5116;Place Valhubert;OUI;37;0;35;33;2;OUI;OUI;2022-03-11T23:00:21+01:00;48.844182577315166,2.3640366643667217;Paris;
19109;Tanger - Place du Maroc;OUI;19;15;4;1;3;OUI;OUI;2022-03-11T23:02:27+01:00;48.8862524447104,2.3689296841621403;Paris;
18020;Francoeur - Marcadet;OUI;20;15;5;0;5;OUI;OUI;2022-03-11T22:56:41+01:00;48.89104123261663,2.340014585442034;Paris;
17124;Porte de Saint-Ouen - Henri Huchard;OUI;26;20;6;4;2;OUI;OUI;2022-03-11T23:02:31+01:00;48.898708366365064,2.3295360803604126;Paris;
5026;Pascal - Claude Bernard;OUI;49;25;23;17;6;OUI;OUI;2022-03-11T22:59:15+01:00;48.839061952159746,2.3499782010912895;Paris;
17027;Place du Maréchal Juin - Péreire;OUI;46;45;1;0;1;OUI;OUI;2022-03-11T23:00:45+01:00;48.885263,2.298286;Paris;
15028;Grenelle - Dr Finlay;OUI;71;16;53;52;1;OUI;OUI;2022-03-11T23:02:45+01:00;48.851315406715976,2.2919502854347233;Paris;
31016;Lucie Aubrac - Franklin;OUI;36;32;3;2;1;OUI;OUI;2022-03-11T23:02:43+01:00;48.86223916006812,2.4435862898826604;Montreuil;
8102;Lamennais - Washington;OUI;26;22;2;0;2;OUI;OUI;2022-03-11T22:56:02+01:00;48.87352990026496,2.303444892168045;Paris;
51003;Hôtel de Ville d'Argenteuil;OUI;30;6;23;7;16;OUI;OUI;2022-03-11T23:02:46+01:00;48.946504,2.2496396;Argenteuil;
8012;Batignolles - Place de Clichy;OUI;47;29;17;8;9;OUI;OUI;2022-03-11T23:02:42+01:00;48.88347453575669,2.326493114233017;Paris;
22101;Gare Routière de Saint Cloud;OUI;31;22;8;3;5;OUI;OUI;2022-03-11T22:59:03+01:00;48.84288183896324,2.222245037555695;Saint-Cloud;
21013;Pierre Grenier - Pont de Billancourt;OUI;21;6;15;13;2;OUI;OUI;2022-03-11T23:00:05+01:00;48.8258020742942,2.2487989068031315;Boulogne-Billancourt;
12001;Bastille - Biscornet;OUI;62;2;57;48;9;OUI;OUI;2022-03-11T23:02:03+01:00;48.851355779579,2.369220033288;Paris;
23011;Bineau - Louise Michel;OUI;25;15;10;3;7;OUI;OUI;2022-03-11T23:02:19+01:00;48.88666162206972,2.2843274474143986;Levallois-Perret;
21032;Sèvres-Gallieni;OUI;27;14;13;5;8;OUI;OUI;2022-03-11T23:02:42+01:00;48.83780940895712,2.2281519323587418;Boulogne-Billancourt;
2010;Uzès - Montmartre;OUI;29;6;23;14;9;OUI;OUI;2022-03-11T22:58:45+01:00;48.870790980240706,2.3431010171771054;Paris;
13043;Dunois - Clisson;OUI;51;21;29;21;8;OUI;OUI;2022-03-11T23:02:39+01:00;48.832294,2.3674523;Paris;
11114;Ledru-Rollin - Charonne;OUI;32;4;28;22;6;OUI;OUI;2022-03-11T23:00:45+01:00;48.85345855607243,2.3772463581947094;Paris;
14122;Colonel Monteil - Brune;OUI;19;17;2;0;2;OUI;OUI;2022-03-11T23:02:38+01:00;48.8265029331101,2.30927479982717;Paris;
20040;Parc de Belleville - Julien Lacroix;OUI;26;24;1;1;0;OUI;OUI;2022-03-11T22:54:37+01:00;48.8703459,2.3842214;Paris;
44102;Verdun - Adrien Damalix;OUI;26;11;15;0;15;OUI;OUI;2022-03-11T23:01:44+01:00;48.8222334178559,2.4215328320860863;Saint-Maurice;
8101;Londres - Amsterdam;OUI;23;23;0;0;0;OUI;OUI;2022-03-11T22:59:56+01:00;48.878034461503965,2.326483540969424;Paris;
9115;Milton - Manuel;OUI;22;13;7;4;3;OUI;OUI;2022-03-11T23:02:39+01:00;48.878249,2.341181;Paris;
13026;Place Jean Delay;OUI;35;30;5;2;3;OUI;OUI;2022-03-11T23:02:23+01:00;48.823316,2.354336;Paris;
16123;Mahatma Gandhi;OUI;26;6;17;2;15;OUI;OUI;2022-03-11T23:02:44+01:00;48.876356,2.264205;Paris;
23002;Pont de Levallois-bécon;OUI;50;18;32;24;8;OUI;OUI;2022-03-11T22:59:53+01:00;48.8984179,2.2791311;Levallois-Perret;
19039;Edouard Pailleron - Simon Bolivar;OUI;24;21;3;1;2;OUI;OUI;2022-03-11T22:59:35+01:00;48.87979886049996,2.374839261174202;Paris;
13102;Pitié-Salpêtrière;OUI;51;17;34;28;6;OUI;OUI;2022-03-11T23:01:52+01:00;48.83748810318667,2.365213818848133;Paris;
22001;Château - Bineau;OUI;23;4;17;15;2;OUI;OUI;2022-03-11T23:02:20+01:00;48.890404028589806,2.270106375217438;Neuilly-sur-Seine;
11101;Charles Delescluze;OUI;49;1;44;28;16;OUI;OUI;2022-03-11T23:01:29+01:00;48.85242200848887,2.380632497370243;Paris;
17122;Bridaine - Lamandé;OUI;29;21;7;1;6;OUI;OUI;2022-03-11T23:02:39+01:00;48.8862074,2.3206239;Paris;
14130;Jonquoy - Didot;OUI;30;19;11;4;7;OUI;OUI;2022-03-11T23:01:13+01:00;48.82890454823947,2.31648076325655;Paris;
9023;Laffitte - Italiens;OUI;33;16;16;11;5;OUI;OUI;2022-03-11T23:01:58+01:00;48.871815737396304,2.337201547845077;Paris;
10015;Lucien Sampaix - Récollets;OUI;46;43;2;2;0;OUI;OUI;2022-03-11T23:02:43+01:00;48.874330377560476,2.3621229082345963;Paris;
20021;Indre - Prairies;OUI;38;36;2;0;2;OUI;OUI;2022-03-11T22:55:27+01:00;48.86254398506782,2.403290458023548;Paris;
41207;Place du Général de Gaulle;OUI;28;18;9;1;8;OUI;OUI;2022-03-11T22:58:07+01:00;48.8525288,2.4877332;Fontenay-sous-Bois;
15108;Lourmel - Marie Skobtsov;OUI;22;7;15;11;4;OUI;OUI;2022-03-11T22:58:58+01:00;48.844974,2.287283;Paris;
34002;Capitaine Glarner - Gabriel Péri;OUI;27;3;19;12;7;OUI;OUI;2022-03-11T23:02:17+01:00;48.902449900418745,2.3304807533425724;Saint-Ouen-sur-Seine;
26001;Gare d'Asnières sur Seine;OUI;24;5;19;14;5;OUI;OUI;2022-03-11T22:58:58+01:00;48.90636459217474,2.2835066914558415;Asnières-sur-Seine;
21019;Edouard Vaillant - Paul-Adolphe Souriau;OUI;28;9;19;9;10;OUI;OUI;2022-03-11T23:01:36+01:00;48.83484585882868,2.2479459643363957;Boulogne-Billancourt;
11040;Temple - Jean-Pierre Timbaud;OUI;36;9;27;24;3;OUI;OUI;2022-03-11T23:02:26+01:00;48.864465972010244,2.3660597205162053;Paris;
12032;Porte Dorée;OUI;36;11;22;18;4;OUI;OUI;2022-03-11T23:01:42+01:00;48.8354337,2.4077132;Paris;
41204;République - Danton;OUI;20;13;7;0;7;OUI;OUI;2022-03-11T23:01:34+01:00;48.85249172181667,2.462034523487091;Fontenay-sous-Bois;
6107;Place Alphonse Deville;OUI;23;11;11;6;5;OUI;OUI;2022-03-11T23:01:43+01:00;48.85018826266191,2.3275961726903915;Paris;
19009;Cité des Sciences et de l'Industrie;OUI;30;26;4;1;3;OUI;OUI;2022-03-11T23:00:41+01:00;48.89659571178903,2.384599149227142;Paris;
6103;Mézières - Rennes;OUI;55;30;24;23;1;OUI;OUI;2022-03-11T23:01:33+01:00;48.85023459321703,2.3303819820284843;Paris;
32017;Basilique;OUI;22;8;11;6;5;OUI;OUI;2022-03-11T23:02:33+01:00;48.93626891059109,2.3588666820200914;Saint-Denis;
31019;Vincennes - Douy-Delcupe;OUI;38;30;8;2;6;OUI;OUI;2022-03-11T23:01:51+01:00;48.85493692155721,2.436049282550812;Montreuil;
16004;Université Paris Dauphine;OUI;0;0;0;0;0;NON;NON;2021-02-11T10:14:41+01:00;48.870707839985386,2.2748656198382378;Paris;
32014;Place du Cornillon - Stade de France;OUI;35;26;9;4;5;OUI;OUI;2022-03-11T22:59:14+01:00;48.92540695835961,2.3644426837563515;Saint-Denis;
18113;Lepic - Armée d'Orient;OUI;24;19;3;0;3;OUI;OUI;2022-03-11T22:58:31+01:00;48.88753640381415,2.334307730197907;Paris;
18032;Porte de Clignancourt.;OUI;56;37;18;16;2;OUI;OUI;2022-03-11T23:02:45+01:00;48.897488,2.343996;Paris;
19038;Lassus - Delouvain;OUI;20;12;8;1;7;OUI;OUI;2022-03-11T22:53:09+01:00;48.87550448459959,2.3890327325518528;Paris;
44012;Génie - Mozart;OUI;19;12;7;3;4;OUI;OUI;2022-03-11T22:55:03+01:00;48.794902381218904,2.3734183609485626;Vitry-sur-Seine;
18029;Emile Blemont - Poteau;OUI;39;11;25;6;19;OUI;OUI;2022-03-11T23:00:27+01:00;48.8943782,2.3415122;Paris;
10165;Gare de l'Est - Place du 11 Novembre 1918;OUI;40;31;9;9;0;OUI;OUI;2022-03-11T22:56:07+01:00;48.876327,2.3585464;Paris;
21706;Jean Bleuzen - Square du 11 Novembre;OUI;49;45;2;0;2;OUI;OUI;2022-03-11T23:02:36+01:00;48.8232579,2.2965213;Vanves;
13016;Primo Levi - Frigos;OUI;34;13;21;17;4;OUI;OUI;2022-03-11T22:56:56+01:00;48.83094844846017,2.37965351592796;Paris;
20118;Orteaux - Mouraud;OUI;24;22;2;2;0;OUI;OUI;2022-03-11T23:02:46+01:00;48.85558642847872,2.408762907764669;Paris;
11020;Belfort - Voltaire;OUI;39;18;18;10;8;OUI;OUI;2022-03-11T23:01:27+01:00;48.8563358,2.3829901;Paris;
9031;Provence - Chaussée d'Antin;OUI;25;19;5;3;2;OUI;OUI;2022-03-11T22:57:43+01:00;48.87428447542072,2.332976511564311;Paris;
8051;Batignolles - Rome;OUI;15;11;1;0;1;OUI;OUI;2022-03-11T22:53:04+01:00;48.881823370566806,2.3202589899301524;Paris;
6030;Assas - Vaugirard;OUI;35;23;10;8;2;OUI;OUI;2022-03-11T23:00:52+01:00;48.848274111397586,2.3292413726449013;Paris;
16032;Eglise d'Auteuil;OUI;21;14;7;5;2;OUI;OUI;2022-03-11T23:02:00+01:00;48.84749841771691,2.26848387135299;Paris;
15035;Place Etienne Pernet;OUI;43;8;34;33;1;OUI;OUI;2022-03-11T23:02:47+01:00;48.84243457133779,2.2921819612383847;Paris;
21003;Jean Jaurès - Jean Baptiste Clément;OUI;24;13;9;8;1;OUI;OUI;2022-03-11T22:58:39+01:00;48.84576261454011,2.2369650006294255;Boulogne-Billancourt;
18049;Porte d'Aubervilliers;OUI;55;42;11;7;4;OUI;OUI;2022-03-11T22:56:07+01:00;48.89859661942376,2.3689722642302513;Paris;
18025;Mairie du 18ème;OUI;40;32;7;2;5;OUI;OUI;2022-03-11T23:02:03+01:00;48.892939296937605,2.3445510864257812;Paris;
35017;Toffier Decaux - Cartier Bresson;OUI;7;4;3;3;0;OUI;OUI;2022-03-11T22:59:59+01:00;48.90165072551549,2.4017545580863957;Pantin;
20027;Porte de Ménilmontant;OUI;15;15;0;0;0;OUI;OUI;2022-03-11T22:57:57+01:00;48.8691543609174,2.40932246879487;Paris;
31703;Sadi Carnot - François Mitterrand;OUI;27;26;0;0;0;OUI;OUI;2022-03-11T22:59:28+01:00;48.87532687671517,2.4241617321968083;Bagnolet;
19040;Belleville - Télégraphe;OUI;41;37;2;0;2;OUI;OUI;2022-03-11T22:55:58+01:00;48.8756045,2.3995549;Paris;
9117;Bellefond - Maubeuge;OUI;31;25;6;2;4;OUI;OUI;2022-03-11T23:01:44+01:00;48.878255397644715,2.345264218747616;Paris;
17047;Courcelles - Pierre Demours;OUI;26;21;5;3;2;OUI;OUI;2022-03-11T22:54:43+01:00;48.883769733273496,2.29858466343129;Paris;
15031;Théâtre - Lourmel;OUI;53;3;48;40;8;OUI;OUI;2022-03-11T23:01:37+01:00;48.8482070397636,2.2898658737540245;Paris;
6016;Danton - Serpente;OUI;22;0;21;17;4;OUI;OUI;2022-03-11T23:02:23+01:00;48.85229736258167,2.3414132371544834;Paris;
21014;Hameau Fleuri - Marché;OUI;22;12;10;6;4;OUI;OUI;2022-03-11T23:02:15+01:00;48.831448892608314,2.2412404417991643;Boulogne-Billancourt;
17046;Mac-Mahon - Brey;OUI;25;23;2;1;1;OUI;OUI;2022-03-11T22:52:54+01:00;48.877532084130166,2.294512536052928;Paris;
11006;Ledru-Rollin - Place du Père Chaillet;OUI;37;11;25;15;10;OUI;OUI;2022-03-11T23:01:59+01:00;48.856433706943704,2.379020587761426;Paris;
17121;Square des Epinettes;OUI;20;13;5;2;3;OUI;OUI;2022-03-11T22:59:37+01:00;48.89383909781389,2.325953990221024;Paris;
16015;Bassano -  Iéna;OUI;15;11;2;1;1;OUI;OUI;2022-03-11T22:53:20+01:00;48.868144510482075,2.296149600985935;Paris;
47006;Les Planètes;OUI;16;3;12;2;10;OUI;OUI;2022-03-11T22:56:57+01:00;48.8099849920804,2.4580853059887886;Maisons-Alfort;
15070;Balard - Montagne de la Fage;OUI;36;0;35;32;3;OUI;OUI;2022-03-11T23:02:27+01:00;48.83850740333351,2.2782871127128606;Paris;
10020;Chabrol - d'Hauteville;OUI;11;8;3;1;2;OUI;OUI;2022-03-11T23:02:03+01:00;48.87701838803332,2.3513179644942284;Paris;
12107;Diderot - Pierre Bourdan;OUI;21;6;15;11;4;OUI;OUI;2022-03-11T23:02:07+01:00;48.84764862079675,2.3902582749724393;Paris;
18109;Pajol - Riquet;OUI;47;38;5;4;1;OUI;OUI;2022-03-11T23:01:52+01:00;48.88960028134536,2.3628534749150276;Paris;
14112;Méchain - Faubourg Saint-Jacques;OUI;16;15;0;0;0;OUI;OUI;2022-03-11T22:54:35+01:00;48.83586772099485,2.33798034198275;Paris;
21703;Square du Carrefour de l'Insurrection;OUI;23;18;5;0;5;OUI;OUI;2022-03-11T23:01:54+01:00;48.820864559770676,2.291113436222077;Vanves;
9026;Jean-Baptiste Pigalle - La Bruyere;OUI;17;6;9;2;7;OUI;OUI;2022-03-11T22:56:25+01:00;48.87939826447722,2.333709173337285;Paris;
16021;François Ponsard - La Muette;OUI;23;23;0;0;0;OUI;OUI;2022-03-11T22:57:10+01:00;48.8583666,2.2744515;Paris;
21001;Transvaal - Charles de Gaulle;OUI;27;20;6;2;4;OUI;OUI;2022-03-11T22:54:33+01:00;48.848280403628806,2.2373420120857195;Boulogne-Billancourt;
20023;Pelleport - Belgrand;OUI;15;13;2;0;2;OUI;OUI;2022-03-11T22:56:13+01:00;48.86500081847653,2.403980836377493;Paris;
16122;Route de la Muette - Porte de Neuilly;OUI;50;35;10;4;6;OUI;OUI;2022-03-11T22:58:06+01:00;48.8798926,2.2587671;Paris;
35003;Gabrielle Josserand - Edouard Vaillant;OUI;25;18;6;2;4;OUI;OUI;2022-03-11T22:57:31+01:00;48.90271566255436,2.3933270573616032;Pantin;
10010;Place Jacques Bonsergent;OUI;33;6;26;24;2;OUI;OUI;2022-03-11T23:01:35+01:00;48.870948218595146,2.3612049221992497;Paris;
35014;Charles de Gaulle - Jean Lolive;OUI;26;20;4;2;2;OUI;OUI;2022-03-11T22:57:18+01:00;48.8932644350857,2.4126765131950383;Pantin;
5121;Square René Viviani - Montebello;OUI;34;19;14;6;8;OUI;OUI;2022-03-11T23:01:39+01:00;48.851904891406384,2.347842156887055;Paris;
47005;Ecole Vétérinaire;OUI;36;13;20;19;1;OUI;OUI;2022-03-11T23:02:20+01:00;48.81488859822486,2.4224362157778994;Maisons-Alfort;
16043;Place de Passy;OUI;15;11;3;2;1;OUI;OUI;2022-03-11T22:57:37+01:00;48.85780291711202,2.277500546942199;Paris;
11041;Square Saint-Ambroise;OUI;43;12;28;26;2;OUI;OUI;2022-03-11T23:00:54+01:00;48.860934,2.375841;Paris;
18043;Clichy - Place Blanche;OUI;20;15;5;2;3;OUI;OUI;2022-03-11T23:00:50+01:00;48.883601088297006,2.333223782479763;Paris;
19127;Aubervilliers - Curial;OUI;23;22;1;0;1;OUI;OUI;2022-03-11T22:59:22+01:00;48.89088305227546,2.3688579350709915;Paris;
16027;Mozart - Jasmin;OUI;62;53;8;8;0;OUI;OUI;2022-03-11T23:02:22+01:00;48.85286124871689,2.268483570651513;Paris;
47004;Stade Auguste Delaune;OUI;21;5;14;6;8;OUI;OUI;2022-03-11T23:02:18+01:00;48.80896378683884,2.4345204234123234;Maisons-Alfort;
11043;Place Pasdeloup;OUI;21;3;17;15;2;OUI;OUI;2022-03-11T23:00:41+01:00;48.86265421563133,2.3670325062844237;Paris;
18033;Belliard - Damrémont;OUI;34;29;5;4;1;OUI;OUI;2022-03-11T22:55:42+01:00;48.89669238777841,2.338023450388167;Paris;
32004;Wilson - Landy;OUI;40;5;33;20;13;OUI;OUI;2022-03-11T23:00:50+01:00;48.91516726221354,2.357633225619793;Saint-Denis;
11010;Boulets - Faubourg Saint-Antoine;OUI;43;32;10;3;7;OUI;OUI;2022-03-11T23:01:30+01:00;48.84925926211519,2.391754614194301;Paris;
16029;Maison de Radio - France;OUI;47;1;44;39;5;OUI;OUI;2022-03-11T23:02:26+01:00;48.85132886434057,2.277785539627075;Paris;
20116;Haies - Réunion;OUI;22;16;3;0;3;OUI;OUI;2022-03-11T23:01:10+01:00;48.85386896766491,2.402426162238911;Paris;
8019;Naples - Rome;OUI;26;21;5;3;2;OUI;OUI;2022-03-11T23:02:40+01:00;48.879960700846226,2.321358695626259;Paris;
15002;Maine - Antoine Bourdelle;OUI;17;9;8;7;1;OUI;OUI;2022-03-11T22:55:27+01:00;48.84308531746595,2.320263946784738;Paris;
9017;Lallier - Trudaine;OUI;29;28;0;0;0;OUI;OUI;2022-03-11T23:00:14+01:00;48.88109246617963,2.3408224806189537;Paris;
21310;Kléber - Gouverneur Général Eboué;OUI;24;5;16;15;1;OUI;OUI;2022-03-11T22:56:29+01:00;48.826885843069796,2.2723413258790965;Issy-les-Moulineaux;
18008;Square Léon;OUI;33;29;3;0;3;OUI;OUI;2022-03-11T23:02:24+01:00;48.88667396788626,2.353205569088459;Paris;
23007;Président Wilson - Jean Jaures;OUI;27;15;9;1;8;OUI;OUI;2022-03-11T23:00:45+01:00;48.89034054052266,2.2920683026313786;Levallois-Perret;
13103;Hôpital Pitié Salpêtrière;OUI;50;44;5;3;2;OUI;OUI;2022-03-11T23:01:48+01:00;48.8377016,2.3604946;Paris;
20016;Pyrénées - Maraîchers;OUI;19;7;9;7;2;OUI;OUI;2022-03-11T23:02:36+01:00;48.85714001395299,2.4043509364128113;Paris;
32001;Proudhon - Président Wilson;OUI;30;11;18;16;2;OUI;OUI;2022-03-11T23:02:07+01:00;48.90644276349534,2.3584905266761784;Saint-Denis;
32015;Gare RER de Saint-Denis;OUI;40;17;22;11;11;OUI;OUI;2022-03-11T23:02:45+01:00;48.93554324248177,2.3471488058567047;Saint-Denis;
7008;Villersexel - Saint-Germain;OUI;16;11;4;2;2;OUI;OUI;2022-03-11T23:02:13+01:00;48.858297001217615,2.323793470859528;Paris;
1117;Pont Neuf - Rivoli;OUI;26;2;22;15;7;OUI;OUI;2022-03-11T23:02:29+01:00;48.86008989261731,2.344057559967041;Paris;
42703;Fontainebleau - Edmond Michelet;OUI;45;40;5;3;2;OUI;OUI;2022-03-11T23:02:45+01:00;48.80956436844049,2.3626908659935;Le Kremlin-Bicêtre;
1120;Lavandieres Sainte Opportune - Rivoli;OUI;27;15;10;6;4;OUI;OUI;2022-03-11T23:02:14+01:00;48.85927970247607,2.3466217517852783;Paris;
12004;Traversière - Ledru-Rollin;OUI;34;1;33;29;4;OUI;OUI;2022-03-11T23:02:38+01:00;48.850735824128805,2.375870111706245;Paris;
18017;Caulaincourt - Place Constantin Pecqueur;OUI;44;33;9;0;9;OUI;OUI;2022-03-11T23:01:41+01:00;48.8896779050281,2.33817871442611;Paris;
20030;Ménilmontant - Père Lachaise;OUI;56;19;37;10;27;OUI;OUI;2022-03-11T23:01:12+01:00;48.86328729150227,2.3869940266013145;Paris;
20201;Eugène Reisz - Davout;OUI;20;17;2;2;0;OUI;OUI;2022-03-11T23:01:53+01:00;48.85631874632638,2.410396970808506;Paris;
15003;Gare Montparnasse - Vaugirard;OUI;66;40;24;6;18;OUI;OUI;2022-03-11T23:02:24+01:00;48.8418071798797,2.31951002690117;Paris;
16112;Chernoviz - Raynouard;OUI;37;27;9;8;1;OUI;OUI;2022-03-11T23:01:56+01:00;48.8569864146289,2.282173218142987;Paris;
4110;Neuve Saint-Pierre - Beautreillis;OUI;20;4;15;10;5;OUI;OUI;2022-03-11T23:02:07+01:00;48.85355351439652,2.3639122769236565;Paris;
13046;Eugène Oudiné - Dessous Des Berges;OUI;44;11;30;25;5;OUI;OUI;2022-03-11T22:59:34+01:00;48.8256423,2.3750226;Paris;
6032;Sabot - Rennes;OUI;26;9;16;9;7;OUI;OUI;2022-03-11T23:02:26+01:00;48.852575112948415,2.331552766263485;Paris;
22102;Mont Valérien - Michel Salles;OUI;24;16;7;0;7;OUI;OUI;2022-03-11T23:00:36+01:00;48.8561915,2.2152966;Saint-Cloud;
17022;Pereire - Place de Wagram;OUI;46;42;3;2;1;OUI;OUI;2022-03-11T22:55:56+01:00;48.887070607581215,2.304111124531457;Paris;
8001;Petit Palais;OUI;43;35;6;4;2;OUI;OUI;2022-03-11T23:00:03+01:00;48.8667692,2.3157655;Paris;
12161;Diderot - Reuilly;OUI;44;1;40;37;3;OUI;OUI;2022-03-11T23:02:08+01:00;48.84720845606067,2.3861273378133774;Paris;
18202;Diane Arbus;OUI;38;25;12;8;4;OUI;OUI;2022-03-11T23:01:58+01:00;48.898800717199,2.3524022474884987;Paris;
13122;Parc de Choisy;OUI;25;24;1;1;0;NON;NON;2022-01-06T16:54:17+01:00;48.828156251574946,2.358513532903332;Paris;
14030;Pernety - Raymond Losserand;OUI;32;25;7;5;2;OUI;OUI;2022-03-11T23:00:03+01:00;48.83425462795304,2.317609339386963;Paris;
10036;Aqueduc - Villette;OUI;28;16;9;4;5;OUI;OUI;2022-03-11T22:54:32+01:00;48.883886063895396,2.36719880331497;Paris;
7020;Champ de Mars - Cler;OUI;41;6;32;29;3;OUI;OUI;2022-03-11T23:02:28+01:00;48.856691550115315,2.306646779179573;Paris;
20137;Borrégo - Gambetta;OUI;25;25;0;0;0;OUI;OUI;2022-03-11T22:54:56+01:00;48.87330497045532,2.4014145880937576;Paris;
6017;Sénat - Condé;OUI;33;7;20;18;2;OUI;OUI;2022-03-11T23:02:38+01:00;48.84954227788459,2.337939441204071;Paris;
10033;Gare du Nord - Saint-Vincent de Paul;OUI;24;14;10;8;2;OUI;OUI;2022-03-11T22:56:41+01:00;48.88095574164779,2.352430514838522;Paris;
10114;Granges aux Belles - Hôpital Saint-Louis;OUI;60;45;14;8;6;OUI;OUI;2022-03-11T22:55:10+01:00;48.874794994841274,2.366669436984963;Paris;
19023;Manin - Simon Bolivar;OUI;26;19;6;0;6;OUI;OUI;2022-03-11T23:02:42+01:00;48.87649965412676,2.379407362599104;Paris;
15058;Place du Moulin de Javel;OUI;45;41;3;3;0;OUI;OUI;2022-03-11T23:00:20+01:00;48.84021670922037,2.2716060653328896;Paris;
32603;Calmette;OUI;32;28;4;0;4;OUI;OUI;2022-03-11T22:58:03+01:00;48.88104925098552,2.424993216991425;Les Lilas;
19041;Belleville - Pyrénées;OUI;42;38;1;0;1;OUI;OUI;2022-03-11T23:00:43+01:00;48.8741908,2.3860039;Paris;
2013;Favart - Italiens;OUI;17;14;1;1;0;OUI;OUI;2022-03-11T23:01:29+01:00;48.87144635392104,2.338290105850787;Paris;
14028;Alésia - Suisses;OUI;47;42;5;3;2;OUI;OUI;2022-03-11T22:58:20+01:00;48.831682520717614,2.3149869226003754;Paris;
8038;François 1er - Montaigne;OUI;29;13;16;10;6;OUI;OUI;2022-03-11T22:58:03+01:00;48.866887649978096,2.306675575720671;Paris;
21114;Gustave Eiffel - Parc des Impressionnistes;OUI;30;16;14;11;3;OUI;OUI;2022-03-11T23:01:33+01:00;48.90390619651018,2.2946908324956894;Clichy;
8056;Beaujon - Wagram;OUI;29;28;1;0;1;OUI;OUI;2022-03-11T23:01:23+01:00;48.87535245598514,2.2964416444301605;Paris;
15107;Palais des Sports;OUI;22;4;17;14;3;OUI;OUI;2022-03-11T23:01:39+01:00;48.83346851742578,2.2858720645308495;Paris;
7016;Surcouf - Université;OUI;58;4;53;47;6;OUI;OUI;2022-03-11T23:02:28+01:00;48.861273016278126,2.309453550914185;Paris;
31704;Jeanne Hornet - Girardot;OUI;29;26;1;0;1;OUI;OUI;2022-03-11T22:57:45+01:00;48.873802681432146,2.427820265293122;Bagnolet;
4011;Hôtel de Ville - Pont-Marie;OUI;36;15;19;9;10;OUI;OUI;2022-03-11T22:59:37+01:00;48.85389964552738,2.356947250664234;Paris;
21024;Billancourt - Général Leclerc;OUI;22;16;6;4;2;OUI;OUI;2022-03-11T22:56:46+01:00;48.8322649,2.2380413;Boulogne-Billancourt;
14006;Saint-Jacques - Tombe Issoire;OUI;23;21;2;0;2;OUI;OUI;2022-03-11T23:00:05+01:00;48.833206330538864,2.3369108140468597;Paris;
7013;Duroc - Place de Breteuil;OUI;42;28;11;9;2;OUI;OUI;2022-03-11T22:58:31+01:00;48.84746064114221,2.3126140236854558;Paris;
9118;Faubourg Poissonniere - Delta;OUI;36;28;8;0;8;OUI;OUI;2022-03-11T22:54:34+01:00;48.882555807626765,2.3497482016682625;Paris;
21311;Parvis Corentin Celton;OUI;55;6;47;45;2;OUI;OUI;2022-03-11T23:01:55+01:00;48.82747252522725,2.2784319519996648;Issy-les-Moulineaux;
4013;Vieille du Temple - Francs Bourgeois;OUI;29;10;13;6;7;OUI;OUI;2022-03-11T23:01:04+01:00;48.858256413365815,2.35821794718504;Paris;
12041;Bois de Vincennes.;OUI;60;52;8;4;4;OUI;OUI;2022-03-11T22:55:34+01:00;48.8338064,2.4132221;Saint-Mandé;
10163;Gare du Nord - Demarquay;OUI;30;23;5;1;4;OUI;OUI;2022-03-11T23:02:08+01:00;48.881154,2.358411;Paris;
15059;Parc André Citroën;OUI;65;3;60;58;2;OUI;OUI;2022-03-11T23:02:25+01:00;48.840639944296655,2.2780618071556096;Paris;
31023;Place François Mitterand;OUI;34;33;1;0;1;OUI;OUI;2022-03-11T22:58:20+01:00;48.86492782016328,2.442958317697048;Montreuil;
18138;Ney - Charles Hermite;OUI;20;2;16;11;5;OUI;OUI;2022-03-11T23:00:22+01:00;48.89874803977525,2.3645754531025887;Paris;
2001;Greneta - Sebastopol;OUI;32;0;30;27;3;OUI;OUI;2022-03-11T22:59:25+01:00;48.86524233322809,2.3516669869422917;Paris;
45001;Hôtel de Ville de Champigny sur Marne;OUI;21;6;15;13;2;OUI;OUI;2022-03-11T22:56:47+01:00;48.813810628405,2.5096759200096;Champigny-sur-Marne;
18042;Place Pigalle;OUI;21;17;4;0;4;OUI;OUI;2022-03-11T23:02:11+01:00;48.8827555,2.3361566;Paris;
13041;Porte d'Ivry;OUI;50;47;3;0;3;OUI;OUI;2022-03-11T22:55:11+01:00;48.82176874759649,2.3688706755638127;Paris;
20019;Place du Maquis du Vercors;OUI;31;31;0;0;0;OUI;OUI;2022-03-11T22:54:28+01:00;48.877321579493575,2.4083782732486725;Paris;
7101;Raspail - Chomel;OUI;49;30;17;16;1;OUI;OUI;2022-03-11T22:58:08+01:00;48.852233164303094,2.3266580700874333;Paris;
18137;Poissonniers - Nord;OUI;28;9;15;4;11;OUI;OUI;2022-03-11T23:01:58+01:00;48.892511213520656,2.3522228747606277;Paris;
31013;Centenaire - Sorins;OUI;45;42;2;0;2;OUI;OUI;2022-03-11T22:57:56+01:00;48.85853523359734,2.4273508787155156;Montreuil;
17116;Reims - Porte d'Asnières;OUI;26;19;7;5;2;OUI;OUI;2022-03-11T22:58:05+01:00;48.891834448210986,2.300144659954865;Paris;
18001;Damrémont - Caulaincourt;OUI;18;12;5;0;5;OUI;OUI;2022-03-11T23:02:12+01:00;48.88714509078738,2.3325880989432335;Paris;
32018;Franciade - Gabriel Péri;OUI;26;3;23;16;7;OUI;OUI;2022-03-11T22:57:16+01:00;48.93261499331498,2.355954498052597;Saint-Denis;
5019;Poissy - Saint-Germain;OUI;25;14;11;6;5;OUI;OUI;2022-03-11T22:57:00+01:00;48.849696494270084,2.352968528866768;Paris;
17016;Brochant - Square des Batignolles;OUI;31;23;8;1;7;OUI;OUI;2022-03-11T23:02:38+01:00;48.88818698581028,2.316861143151153;Paris;
18019;Square Raymond Souplex;OUI;52;29;22;5;17;OUI;OUI;2022-03-11T23:02:00+01:00;48.89183721478911,2.335426103165901;Paris;
11003;Keller - La Roquette;OUI;34;1;31;28;3;OUI;OUI;2022-03-11T23:00:50+01:00;48.8555508,2.3752778;Paris;
15063;Convention - Saint-Charles;OUI;19;1;18;13;5;OUI;OUI;2022-03-11T23:01:39+01:00;48.84315611111599,2.2831090539693832;Paris;
11034;Parmentier - Fontaine au Roi;OUI;48;19;27;10;17;OUI;OUI;2022-03-11T23:02:43+01:00;48.86787670551736,2.372705978671471;Paris;
9012;Rougemont - Poissonnière;OUI;30;5;25;9;16;OUI;OUI;2022-03-11T23:02:12+01:00;48.871611569354755,2.345873080193996;Paris;
15020;Mairie du 15ème;OUI;32;2;30;23;7;OUI;OUI;2022-03-11T23:01:34+01:00;48.8417762,2.2986539;Paris;
13113;Vistule - Choisy;OUI;33;27;4;2;2;OUI;OUI;2022-03-11T22:56:44+01:00;48.82365543660611,2.3615723848342896;Paris;
41206;Place des Larris;OUI;34;30;4;1;3;OUI;OUI;2022-03-11T23:02:30+01:00;48.8568363,2.4780236;Fontenay-sous-Bois;
15061;Square Desnouettes;OUI;22;3;18;16;2;OUI;OUI;2022-03-11T23:01:59+01:00;48.83476837934194,2.284142297394666;Paris;
19031;Manin - Crimée;OUI;23;13;10;5;5;OUI;OUI;2022-03-11T23:01:08+01:00;48.8831217743719,2.3863670602440834;Paris;
8015;Roquépine - Malesherbes;OUI;37;26;10;5;5;OUI;OUI;2022-03-11T22:59:06+01:00;48.87345073390807,2.320404499769211;Paris;
13114;Nationale - Marcel Duchamp;OUI;23;18;5;1;4;OUI;OUI;2022-03-11T23:01:59+01:00;48.82463749337136,2.3678014799952507;Paris;
21108;Mairie de Clichy;OUI;51;0;49;43;6;OUI;OUI;2022-03-11T23:02:35+01:00;48.903653634660834,2.3059353232383732;Clichy;
20017;Saint-Blaise - Mouraud;OUI;27;19;6;3;3;OUI;OUI;2022-03-11T22:59:33+01:00;48.85696177597818,2.40869477391243;Paris;
6014;Pont de Lodi - Dauphine;OUI;23;8;15;6;9;OUI;OUI;2022-03-11T23:02:15+01:00;48.855296898603285,2.339947307565249;Paris;
11019;Charonne - Philippe-Auguste;OUI;32;21;11;10;1;OUI;OUI;2022-03-11T22:54:01+01:00;48.85560316202584,2.390546390619984;Paris;
12108;Bercy.;OUI;66;48;18;15;3;OUI;OUI;2022-03-11T23:02:29+01:00;48.839966914994,2.3788625746965;Paris;
23008;Hôtel de Ville de Levallois Perret;OUI;26;12;12;7;5;OUI;OUI;2022-03-11T22:59:08+01:00;48.89314451997415,2.2888818383216862;Levallois-Perret;
33005;République - Henri Barbusse;OUI;32;23;8;4;4;OUI;OUI;2022-03-11T22:59:53+01:00;48.90661553626751,2.389432489871979;Aubervilliers;
1016;Thérèse - Opéra;OUI;25;9;15;15;0;OUI;OUI;2022-03-11T23:00:25+01:00;48.86648351450895,2.334433421223788;Paris;
2110;Jeûneurs - Mulhouse;OUI;28;8;19;8;11;OUI;OUI;2022-03-11T23:02:23+01:00;48.868997,2.346925;Paris;
16016;Paul Doumer - La Tour;OUI;34;31;2;0;2;OUI;OUI;2022-03-11T23:02:44+01:00;48.860116109626574,2.280840481911055;Paris;
1022;Danielle Casanova - Place Vendôme;OUI;37;32;4;3;1;OUI;OUI;2022-03-11T22:59:48+01:00;48.86826649822326,2.3304839059710503;Paris;
7026;Place de Finlande;OUI;25;0;25;20;5;OUI;OUI;2022-03-11T23:00:41+01:00;48.86240833596654,2.311362437903881;Paris;
9113;Bleue - Trévise;OUI;30;8;21;18;3;OUI;OUI;2022-03-11T23:02:44+01:00;48.87578906564573,2.347289621829987;Paris;
14116;Romain Rolland;OUI;25;22;1;0;1;OUI;OUI;2022-03-11T22:54:31+01:00;48.820215229662765,2.3234144234418346;Montrouge;
20103;Le Vau - Maurice Bertaux;OUI;25;23;2;1;1;OUI;OUI;2022-03-11T22:57:38+01:00;48.86803439043193,2.411030612453627;Paris;
31018;Gambetta - Michelet;OUI;33;24;8;1;7;OUI;OUI;2022-03-11T23:02:42+01:00;48.85273792380526,2.429966032505036;Montreuil;
3101;Porte Saint-Martin;OUI;35;7;28;18;10;OUI;OUI;2022-03-11T23:00:08+01:00;48.86860172112996,2.35570102930069;Paris;
47002;Les Juilliottes;OUI;21;7;14;11;3;OUI;OUI;2022-03-11T23:00:27+01:00;48.8043072,2.4437362;Maisons-Alfort;
23302;Parc de Sceaux - Centre-Ville;OUI;33;22;8;1;7;OUI;OUI;2022-03-11T22:56:22+01:00;48.7769529826096,2.2957214713096623;Sceaux;
13019;Fernand Braudel - Vincent Auriol;OUI;36;14;22;20;2;OUI;OUI;2022-03-11T23:02:32+01:00;48.83637852318147,2.3723404482007027;Paris;
21952;Place Tony de Graaff;OUI;42;9;31;25;6;OUI;OUI;2022-03-11T23:00:40+01:00;48.8181645,2.2458109;Meudon;
8105;François 1er - Lincoln;OUI;31;21;10;7;3;OUI;OUI;2022-03-11T22:56:33+01:00;48.86951797934417,2.302426218841562;Paris;
14007;Ferrus - Saint-Jacques;OUI;34;29;4;2;2;OUI;OUI;2022-03-11T23:02:18+01:00;48.8313878,2.3408563;Paris;
5030;Sorbonne - Ecoles;OUI;50;44;4;3;1;OUI;OUI;2022-03-11T23:02:17+01:00;48.849686566191,2.3434996604919;Paris;
8029;Place du Canada;OUI;39;30;8;6;2;OUI;OUI;2022-03-11T23:02:18+01:00;48.865346269362675,2.310193787964762;Paris;
11107;Faidherbe - Dahomey;OUI;44;1;41;34;7;OUI;OUI;2022-03-11T22:55:42+01:00;48.851358329771806,2.383823134795429;Paris;
19021;Mairie du 19ème;OUI;27;18;9;3;6;OUI;OUI;2022-03-11T23:02:48+01:00;48.88256264247959,2.3812624812126164;Paris;
2014;Daunou - Louis le Grand;OUI;17;13;2;1;1;OUI;OUI;2022-03-11T23:02:27+01:00;48.869113,2.332515;Paris;
17104;Jardin Marguerite Long;OUI;22;13;9;6;3;OUI;OUI;2022-03-11T23:01:19+01:00;48.8816985773914,2.2836575657129288;Paris;
16041;Versailles - Claude Terrasse;OUI;46;28;16;10;6;OUI;OUI;2022-03-11T23:00:16+01:00;48.84021933807409,2.263834191152959;Paris;
23105;Sèvres Rive Gauche;OUI;33;32;1;0;1;OUI;OUI;2022-03-11T22:56:53+01:00;48.82144321827765,2.215078530688475;Sèvres;
4109;Mornay - Sully;OUI;15;10;5;3;2;OUI;OUI;2022-03-11T22:58:44+01:00;48.84970399548416,2.364460788667202;Paris;
19030;Melun - Jean Jaurès;OUI;28;26;1;1;0;OUI;OUI;2022-03-11T23:01:44+01:00;48.8837796723475,2.376477420330048;Paris;
11048;Place Mireille Havet;OUI;43;3;36;31;5;OUI;OUI;2022-03-11T23:02:46+01:00;48.850533,2.383756;Paris;
21004;Jean Jaurès - Reine;OUI;31;20;10;3;7;OUI;OUI;2022-03-11T23:02:37+01:00;48.84009622558849,2.239872515201569;Boulogne-Billancourt;
11046;Place de la République - Voltaire;OUI;19;10;8;4;4;OUI;OUI;2022-03-11T23:02:34+01:00;48.86683096894219,2.3654810339212418;Paris;
22002;Argenson - Château;OUI;25;22;3;1;2;OUI;OUI;2022-03-11T23:02:19+01:00;48.888559314669514,2.2642001509666447;Neuilly-sur-Seine;
6031;Pierre Sarrazin - Saint-Michel;OUI;33;16;13;6;7;OUI;OUI;2022-03-11T23:02:44+01:00;48.85090814639774,2.3421307280659676;Paris;
35008;Place de l'Eglise - Pantin;OUI;30;27;2;2;0;OUI;OUI;2022-03-11T22:58:47+01:00;48.892809461520265,2.4124351143836975;Pantin;
8049;Georges V - François 1er;OUI;22;19;3;3;0;OUI;OUI;2022-03-11T22:56:34+01:00;48.87034,2.30082;Paris;
13022;Butte aux Cailles - Esperance;OUI;36;20;10;6;4;OUI;OUI;2022-03-11T22:58:42+01:00;48.82758774190948,2.3492151126265526;Paris;
2101;Bachaumont - Montmartre;OUI;33;7;25;16;9;OUI;OUI;2022-03-11T23:02:30+01:00;48.86617395079137,2.3449775576591496;Paris;
11110;Roquette - Folie Regnault;OUI;52;44;8;2;6;OUI;OUI;2022-03-11T22:57:37+01:00;48.859246959155485,2.386553623578705;Paris;
12154;Square Georges Melies;OUI;40;20;17;0;17;OUI;OUI;2022-03-11T23:01:59+01:00;48.84070239213081,2.409667745232582;Paris;
12153;Terroirs de France - Lheureux;OUI;55;18;35;30;5;OUI;OUI;2022-03-11T23:01:41+01:00;48.83212027074841,2.388618104159832;Paris;
10164;Claude Vellefaux - Sambre et Meuse;OUI;34;24;8;3;5;OUI;OUI;2022-03-11T22:59:20+01:00;48.875022,2.370478;Paris;
8032;Matignon - Faubourg Saint-Honoré;OUI;36;28;7;5;2;OUI;OUI;2022-03-11T23:02:15+01:00;48.87147859116726,2.313977926969528;Paris;
9015;Lamartine - Faubourg Montmartre;OUI;32;10;19;18;1;OUI;OUI;2022-03-11T23:01:33+01:00;48.87661398289084,2.339765690267086;Paris;
14016;René Coty - Parc Montsouris;OUI;55;50;5;4;1;OUI;OUI;2022-03-11T22:58:25+01:00;48.82479134498032,2.336124926805496;Paris;
20045;Louis Ganne - Davout;OUI;30;29;0;0;0;OUI;OUI;2022-03-11T22:54:25+01:00;48.86338720692607,2.409725748002529;Paris;
12033;François Truffaut - Saint Emilion;OUI;66;12;52;34;18;OUI;OUI;2022-03-11T23:02:13+01:00;48.83372354344807,2.386601903271428;Paris;
16031;Vignes - Boulainvilliers;OUI;21;19;1;0;1;OUI;OUI;2022-03-11T22:58:35+01:00;48.856399483950504,2.275240458548069;Paris;
12120;Lac Daumesnil - Saint-Maurice;OUI;50;43;6;5;1;OUI;OUI;2022-03-11T23:01:59+01:00;48.82774555743318,2.4183654785156246;Paris;
12127;Tremblay - Lac des Minimes;OUI;48;31;15;1;14;OUI;OUI;2022-03-11T23:01:55+01:00;48.834131261494356,2.454751655459404;Paris;
22012;Madeleine Michelis - Roule;OUI;25;8;17;14;3;OUI;OUI;2022-03-11T23:01:45+01:00;48.88260431301364,2.2773634269833565;Neuilly-sur-Seine;
5028;Censier - Jardin des Plantes;OUI;28;5;23;23;0;OUI;OUI;2022-03-11T23:01:29+01:00;48.84107178161383,2.355475388467312;Paris;
18142;Jessaint - Marx Dormoy;OUI;30;27;1;1;0;OUI;OUI;2022-03-11T22:58:21+01:00;48.88484543106364,2.358930408954621;Paris;
17005;Brochant - Clichy;OUI;53;44;8;2;6;OUI;OUI;2022-03-11T22:57:52+01:00;48.89032998912038,2.319730559929781;Paris;
21017;Place Marcel Sembat;OUI;56;38;18;16;2;OUI;OUI;2022-03-11T23:02:14+01:00;48.83328865030686,2.2441747784614567;Boulogne-Billancourt;
22401;Charles de Gaulle - Plateau de Vanves;OUI;33;29;3;1;2;OUI;OUI;2022-03-11T23:02:36+01:00;48.82233088973263,2.298571803412886;Malakoff;
14127;Odessa - Départ;OUI;39;32;7;5;2;OUI;OUI;2022-03-11T23:02:37+01:00;48.842885590080826,2.3244281485676765;Paris;
11012;Montreuil - Voltaire;OUI;34;18;15;8;7;OUI;OUI;2022-03-11T22:59:10+01:00;48.85050701184191,2.393075558274471;Paris;
42011;Quai Marcel Boyer - Victor Hugo;OUI;29;10;19;10;9;OUI;OUI;2022-03-11T23:02:03+01:00;48.82255636666729,2.392039597034455;Ivry-sur-Seine;
18014;Léon - Doudeauville;OUI;13;9;4;2;2;OUI;OUI;2022-03-11T23:02:42+01:00;48.88832421845225,2.353573372638597;Paris;
15009;Suffren - Pérignon;OUI;46;25;21;14;7;OUI;OUI;2022-03-11T23:01:45+01:00;48.84717561492764,2.307052147596786;Paris;
18035;René Binet - Porte de Montmartre;OUI;37;32;4;2;2;OUI;OUI;2022-03-11T23:01:29+01:00;48.89905109950848,2.3365534096956253;Paris;
11044;Square du Bataclan;OUI;20;1;17;6;11;OUI;OUI;2022-03-11T23:02:29+01:00;48.8633762,2.3711327;Paris;
13110;Moulin de la Pointe;OUI;22;12;9;1;8;OUI;OUI;2022-03-11T23:02:03+01:00;48.82092946051445,2.3563179373741145;Paris;
23005;Gare de Clichy-Levallois;OUI;26;15;11;10;1;OUI;OUI;2022-03-11T22:53:58+01:00;48.89679827481989,2.2984680533409123;Levallois-Perret;
21009;Le Corbusier - Jean Jaurès;OUI;46;29;16;10;6;OUI;OUI;2022-03-11T22:56:35+01:00;48.83780830557548,2.2408381104469304;Boulogne-Billancourt;
12010;Daumesnil - Picpus;OUI;21;10;11;10;1;OUI;OUI;2022-03-11T23:02:36+01:00;48.8374688,2.401765;Paris;
21951;Place Centrale;OUI;22;20;2;1;1;OUI;OUI;2022-03-11T23:02:04+01:00;48.78740167690531,2.2278830409049992;Meudon;
20117;Saint-Fargeau - Mortier;OUI;33;31;1;0;1;OUI;OUI;2022-03-11T23:01:06+01:00;48.87266656122256,2.407912909984589;Paris;
9013;Mairie du 9ème;OUI;24;12;10;6;4;OUI;OUI;2022-03-11T23:00:26+01:00;48.87326713758289,2.340753448052758;Paris;
48009;République - Auguste Perret;OUI;30;22;7;0;7;OUI;OUI;2022-03-11T23:02:46+01:00;48.78695280952244,2.3518594354391094;Villejuif;
18114;Véron - Lepic;OUI;23;22;0;0;0;OUI;OUI;2022-03-11T23:01:58+01:00;48.88526123395252,2.334559857845307;Paris;
14125;Dareau - Broussais;OUI;24;22;2;2;0;OUI;OUI;2022-03-11T22:53:50+01:00;48.8307758,2.3361804;Paris;
44103;Pont De Charenton;OUI;18;9;8;6;2;OUI;OUI;2022-03-11T22:59:55+01:00;48.8179685,2.4199531;Saint-Maurice;
4107;Beaumarchais - Pas de la Mule;OUI;18;8;6;3;3;OUI;OUI;2022-03-11T23:01:33+01:00;48.855580507049055,2.368433367343057;Paris;
13117;Stade Georges Carpentier;OUI;40;33;6;5;1;OUI;OUI;2022-03-11T23:00:16+01:00;48.82048243838136,2.366832196712494;Paris;
31017;Jean Moulin - Paul Doumer;OUI;20;15;5;1;4;OUI;OUI;2022-03-11T22:56:09+01:00;48.8622179854695,2.45533436536789;Montreuil;
22103;Senard - Charles Blum;OUI;24;22;2;1;1;OUI;OUI;2022-03-11T22:57:29+01:00;48.857315824799,2.221091687679291;Saint-Cloud;
13047;Boutroux - Porte de Vitry;OUI;49;20;28;23;5;OUI;OUI;2022-03-11T23:02:37+01:00;48.822632,2.377738;Paris;
22009;Charles de Gaulle - Orléans;OUI;26;9;15;13;2;OUI;OUI;2022-03-11T23:02:42+01:00;48.88092225101522,2.271581590175629;Neuilly-sur-Seine;
23006;Jules Guesde - Alsace;OUI;25;10;11;11;0;OUI;OUI;2022-03-11T23:02:37+01:00;48.89056627550627,2.295077741146088;Levallois-Perret;
14128;Gergovie - Vercingétorix;OUI;29;28;1;1;0;OUI;OUI;2022-03-11T23:00:00+01:00;48.83453413883994,2.313154547426182;Paris;
22403;Pierre Brossolette - Adolphe Pinard;OUI;24;23;1;1;0;OUI;OUI;2022-03-11T22:58:53+01:00;48.82177227954821,2.313155829906464;Malakoff;
12125;Pyramide - Parc Floral;OUI;50;37;10;4;6;OUI;OUI;2022-03-11T22:56:56+01:00;48.837442,2.440452;Paris;
92005;Gare de Nanterre Ville;OUI;43;15;25;19;6;OUI;OUI;2022-03-11T23:02:32+01:00;48.8950295,2.1957932;Nanterre;
31101;Jules Guesde - Laennec;OUI;19;11;7;1;6;OUI;OUI;2022-03-11T22:58:06+01:00;48.87628983900398,2.5006942078471184;Rosny-sous-Bois;
21120;Docteur Calmette - Martre;NON;30;0;0;0;0;NON;NON;2021-11-24T12:52:15+01:00;48.89896935848292,2.308651325238316;Clichy;
31026;Demi-Lune - Aristide Briand;OUI;20;13;7;0;7;OUI;OUI;2022-03-11T23:00:01+01:00;48.87626381919953,2.4562818557024;Montreuil;
20047;Cours de Vincennes - Davout;OUI;48;43;4;0;4;OUI;OUI;2022-03-11T23:02:38+01:00;48.847238029965595,2.4107042336224986;Paris;
20004;Commandant l'Herminier - Gallieni;OUI;17;17;0;0;0;OUI;OUI;2022-03-11T23:00:39+01:00;48.847040552603,2.4160453677177;Paris;
7024;Rapp - Place du Général Gouraud;OUI;31;19;11;8;3;OUI;OUI;2022-03-11T22:56:21+01:00;48.85810288510693,2.300407290458679;Paris;
12129;Bois de Vincennes - Porte Jaune;OUI;35;32;2;2;0;OUI;OUI;2022-03-11T22:48:33+01:00;48.838751246689455,2.4605489149689674;Paris;
17001;Guy Môquet - Saint-Ouen;OUI;53;36;16;8;8;OUI;OUI;2022-03-11T23:00:36+01:00;48.892777719023975,2.3270335793495183;Paris;
19113;Pré Saint-Gervais - Lilas;OUI;28;25;3;1;2;OUI;OUI;2022-03-11T22:57:21+01:00;48.87787062698808,2.39590734243393;Paris;
35004;Place du Président Salvador Allende;OUI;60;57;2;0;2;OUI;OUI;2022-03-11T22:56:15+01:00;48.897307310356055,2.40079153681279;Pantin;
9016;Choron - Martyrs;OUI;17;6;10;5;5;OUI;OUI;2022-03-11T23:01:54+01:00;48.877851443502536,2.3396701365709305;Paris;
8011;Clapeyron - Moscou;OUI;15;10;5;2;3;OUI;OUI;2022-03-11T23:01:35+01:00;48.88078819514121,2.324815057218075;Paris;
10039;Sambre et Meuse - Villette;OUI;25;16;8;1;7;OUI;OUI;2022-03-11T22:58:12+01:00;48.87440566621717,2.373807237995119;Paris;
11031;Jacquard - Ternaux;OUI;39;5;32;17;15;OUI;OUI;2022-03-11T23:00:56+01:00;48.8646605,2.373162;Paris;
33104;Square Edmond Pépin;OUI;30;22;6;0;6;OUI;OUI;2022-03-11T22:58:37+01:00;48.88365620689917,2.4033531546592717;Le Pré-Saint-Gervais;
19036;Hôpital Robert Debré;OUI;33;25;7;5;2;OUI;OUI;2022-03-11T22:58:22+01:00;48.88005222200894,2.4008650346327003;Paris;
13021;Boussingault - Tolbiac;OUI;28;16;12;7;5;OUI;OUI;2022-03-11T22:55:50+01:00;48.82603516605852,2.342176808004326;Paris;
14113;Santé - Arago;OUI;38;36;1;0;1;OUI;OUI;2022-03-11T22:58:17+01:00;48.83507657562064,2.3415737262044938;Paris;
13020;Paul Klee - Place Augusta Holmes;OUI;43;24;18;6;12;OUI;OUI;2022-03-11T23:01:44+01:00;48.838946417408025,2.3704235663952966;Paris;
32021;Place du Front Populaire - George Sand;OUI;35;30;2;0;2;OUI;OUI;2022-03-11T23:00:25+01:00;48.90680713698062,2.364541214992642;Saint-Denis;
19124;Alexander Fleming - Belvédère;OUI;31;27;4;0;4;OUI;OUI;2022-03-11T22:59:49+01:00;48.88179064200294,2.4030599377642674;Paris;
15019;Paul Barruel - Vaugirard;OUI;39;26;12;2;10;OUI;OUI;2022-03-11T22:59:11+01:00;48.84014918546239,2.3044332861900334;Paris;
35011;Honoré d'Estienne d'Ovres - Grilles;OUI;18;13;4;2;2;OUI;OUI;2022-03-11T23:02:44+01:00;48.89056394743836,2.4064831843792427;Pantin;
12006;Gare de Lyon - Van Gogh;OUI;51;8;42;41;1;OUI;OUI;2022-03-11T23:02:45+01:00;48.8438397856433,2.370445024035681;Paris;
35015;Averroès - Aimé Césaire;OUI;19;4;13;7;6;OUI;OUI;2022-03-11T23:02:47+01:00;48.91405323432864,2.412636950612068;Pantin;
15060;Place de la Montagne du Goulet;OUI;21;2;17;14;3;OUI;OUI;2022-03-11T22:55:19+01:00;48.8443415,2.2773844;Paris;
22010;Charles de Gaulle - Louis-Philippe;OUI;28;28;0;0;0;NON;NON;2022-03-08T02:14:23+01:00;48.88162131114395,2.2712830090406526;Neuilly-sur-Seine;
10110;Louis Blanc - Jemmapes;OUI;31;22;6;0;6;OUI;OUI;2022-03-11T23:01:45+01:00;48.879330755297346,2.368448562920093;Paris;
16007;Longchamp - Place d'Iéna;OUI;40;25;12;0;12;OUI;OUI;2022-03-11T22:59:33+01:00;48.86491723343388,2.2926748171448708;Paris;
10037;Quai de Valmy;OUI;26;21;5;0;5;OUI;OUI;2022-03-11T23:01:39+01:00;48.88126951579429,2.368186041712761;Paris;
15131;Charles Lecocq - Lecourbe;OUI;30;15;14;10;4;OUI;OUI;2022-03-11T23:02:03+01:00;48.84044,2.294867;Paris;
20002;Square de la rue Pixérécourt;OUI;15;9;5;0;5;OUI;OUI;2022-03-11T23:02:14+01:00;48.8736824,2.3960278;Paris;
13010;Place d'Italie - Vincent Auriol;OUI;40;33;4;3;1;OUI;OUI;2022-03-11T22:59:33+01:00;48.83148187446674,2.356755029231863;Paris;
5029;Georges Bernanos - Port Royal;OUI;30;20;10;0;10;OUI;OUI;2022-03-11T23:00:31+01:00;48.84014521347377,2.3373574018478394;Paris;
9036;Athènes - Clichy;OUI;20;18;2;0;2;OUI;OUI;2022-03-11T22:59:57+01:00;48.878113787876,2.32956021945824;Paris;
31707;Edouard Vaillant - Galliéni;OUI;49;49;0;0;0;NON;NON;2020-08-14T04:12:17+02:00;48.85846288166117,2.4147954583168034;Bagnolet;
15125;Parc Suzanne Lenglen;OUI;52;38;12;12;0;OUI;OUI;2022-03-11T23:00:15+01:00;48.833250690537874,2.2765403240919113;Paris;
12150;Bastille - Quai de la Rapée;OUI;27;5;20;18;2;OUI;OUI;2022-03-11T22:59:05+01:00;48.84682410855044,2.366936467587948;Paris;
13027;Mazagran - Pierre de Coubertin;OUI;15;8;7;2;5;OUI;OUI;2022-03-11T22:57:05+01:00;48.816218640260445,2.344226874411106;Paris;
10152;Gare du Nord - Place de Valenciennes;OUI;25;17;8;6;2;OUI;OUI;2022-03-11T23:00:29+01:00;48.879089,2.354235;Paris;
10004;Metz - Faubourg Saint-Denis;OUI;48;13;35;17;18;OUI;OUI;2022-03-11T23:02:33+01:00;48.870893,2.353521;Paris;
16014;Eylau - Trocadéro;OUI;24;18;5;1;4;OUI;OUI;2022-03-11T22:58:06+01:00;48.863354122370744,2.2864209115505223;Paris;
6024;Saint-Germain-des-Prés;OUI;26;19;7;3;4;OUI;OUI;2022-03-11T23:02:38+01:00;48.85418510815204,2.330305874347687;Paris;
13515;Auguste Blanqui - Glacière;OUI;60;50;5;2;3;OUI;OUI;2022-03-11T23:02:22+01:00;48.831151602964354,2.3438221961259837;Paris;
11103;Pelée - Alphonse Baudin;OUI;38;2;36;25;11;OUI;OUI;2022-03-11T23:02:39+01:00;48.8600265,2.3710541;Paris;
17029;Pierre Demours - Laugier;OUI;37;26;9;6;3;OUI;OUI;2022-03-11T22:59:28+01:00;48.8813072,2.294846;Paris;
5034;Censier - Santeuil;OUI;69;1;66;61;5;OUI;OUI;2022-03-11T23:02:19+01:00;48.840658921385234,2.3537524044513702;Paris;
13039;Ivry - Simone Weil;OUI;18;16;2;0;2;OUI;OUI;2022-03-11T23:02:37+01:00;48.823283932030755,2.3659095168113713;Paris;
14101;Gare Montparnasse - Edgar Quinet;OUI;33;26;5;4;1;OUI;OUI;2022-03-11T23:00:54+01:00;48.841487851078895,2.3233232282800524;Paris;
21118;Neuilly - Petit;OUI;16;9;7;6;1;OUI;OUI;2022-03-11T23:02:35+01:00;48.898965361341254,2.29627937078476;Clichy;
21115;Chancé Milly - Cimetière Communal Sud;OUI;32;26;5;0;5;OUI;OUI;2022-03-11T23:01:14+01:00;48.89687189382465,2.303922325372696;Clichy;
10153;Gare du Nord - Denain;OUI;20;14;5;1;4;OUI;OUI;2022-03-11T23:00:28+01:00;48.879595787608096,2.3544725775718693;Paris;
19025;Botzaris - Crimée;OUI;21;18;2;0;2;OUI;OUI;2022-03-11T22:57:04+01:00;48.87959698690176,2.3887913337477067;Paris;
8008;Joseph Sansboeuf - Saint Lazare;OUI;18;9;9;8;1;OUI;OUI;2022-03-11T23:02:23+01:00;48.87531563065266,2.3229019716382027;Paris;
16009;Saint-Didier - Raymond Poincaré;OUI;17;13;4;1;3;OUI;OUI;2022-03-11T22:55:28+01:00;48.86642312020962,2.285863497192411;Paris;
21203;Place Jules Ferry;OUI;28;16;12;5;7;OUI;OUI;2022-03-11T22:56:28+01:00;48.812107928414775,2.325837314128876;Montrouge;
7111;Ecole Militaire - Place Joffre;OUI;26;1;23;23;0;OUI;OUI;2022-03-11T22:58:15+01:00;48.852060203582795,2.301799356937409;Paris;
22013;Mairie de Neuilly sur Seine;OUI;31;23;8;4;4;OUI;OUI;2022-03-11T23:01:52+01:00;48.88494728765838,2.2677031159400944;Neuilly-sur-Seine;
42304;Marc Sangnier - Division Leclerc;OUI;24;9;15;15;0;OUI;OUI;2022-03-11T23:02:38+01:00;48.78599652305309,2.329955510795116;Cachan;
21029;Cours de l'Ile Seguin - Parc Billancourt;OUI;29;10;19;9;10;OUI;OUI;2022-03-11T23:02:45+01:00;48.82714055843935,2.234234511852265;Boulogne-Billancourt;
15052;Convention - Vaugirard;OUI;48;9;34;26;8;OUI;OUI;2022-03-11T23:01:12+01:00;48.83767682233156,2.295586926020252;Paris;
15072;Place Fernand Forest;OUI;33;6;26;26;0;OUI;OUI;2022-03-11T23:02:15+01:00;48.849269143835926,2.2818631678819656;Paris;
31021;Résistance - Hoche;OUI;29;22;7;1;6;OUI;OUI;2022-03-11T22:56:52+01:00;48.864273423741956,2.435784414410591;Montreuil;
21708;Marcel Yol - Jullien;OUI;30;23;7;2;5;OUI;OUI;2022-03-11T23:01:57+01:00;48.82537611802588,2.287235018058929;Vanves;
21307;Victor Cresson - Telles de la Poterie;OUI;31;0;30;18;12;OUI;OUI;2022-03-11T23:01:17+01:00;48.82269884297945,2.2686498274963633;Issy-les-Moulineaux;
10017;Gare de l'Est - Fidélité;OUI;15;8;7;5;2;OUI;OUI;2022-03-11T22:59:18+01:00;48.874575,2.356796;Paris;
13121;Bruneseau - Quai d'Ivry;OUI;48;5;39;35;4;OUI;OUI;2022-03-11T23:02:24+01:00;48.82494563758295,2.388566136360169;Ivry-sur-Seine;
20039;Belleville - Couronnes;OUI;50;43;7;0;7;OUI;OUI;2022-03-11T23:01:31+01:00;48.86883108287741,2.380986213684082;Paris;
21030;Fessart - Château;OUI;20;7;12;8;4;OUI;OUI;2022-03-11T23:00:39+01:00;48.84245,2.23989;Boulogne-Billancourt;
13048;Wurtz - Tolbiac;OUI;28;19;9;6;3;OUI;OUI;2022-03-11T23:00:33+01:00;48.82631195621006,2.344585955142975;Paris;
21031;Cimetière de Boulogne-Billancourt;OUI;40;30;10;10;0;OUI;OUI;2022-03-11T22:59:06+01:00;48.830764,2.252024;Boulogne-Billancourt;
41210;Hôtel de ville de Fontenay-sous-Bois;OUI;20;14;6;1;5;OUI;OUI;2022-03-11T22:59:42+01:00;48.84949749106274,2.4750164151191716;Fontenay-sous-Bois;
16024;Ranelagh - Maison de la Radio;OUI;22;19;3;3;0;OUI;OUI;2022-03-11T23:01:44+01:00;48.85293603169479,2.280449643731117;Paris;
11109;Pierre Levée - Fontaine Timbaud;OUI;23;11;11;6;5;OUI;OUI;2022-03-11T23:02:36+01:00;48.86632723374305,2.3711163550615306;Paris;
15043;Brancion - Lefebvre;OUI;11;9;1;0;1;OUI;OUI;2022-03-11T23:00:54+01:00;48.82900222785569,2.301431038163409;Paris;
21316;Cimetière d'Issy-les-Moulineaux;OUI;24;22;2;0;2;OUI;OUI;2022-03-11T22:56:42+01:00;48.81769977392539,2.260931208729744;Issy-les-Moulineaux;
17039;Place Saint-Ferdinand;OUI;38;36;2;1;1;OUI;OUI;2022-03-11T22:54:59+01:00;48.87815529789739,2.288518047864942;Paris;
10012;Vinaigriers - Magenta;OUI;25;13;10;6;4;OUI;OUI;2022-03-11T23:02:39+01:00;48.8731167,2.3593052;Paris;
22604;Hôtel de Ville de Fontenay-aux-Roses;OUI;34;19;13;4;9;OUI;OUI;2022-03-11T22:55:34+01:00;48.790844603480856,2.2871455930319455;Fontenay-aux-Roses;
44002;Paul Vaillant-Couturier - Gare RER;OUI;26;5;21;18;3;OUI;OUI;2022-03-11T23:02:12+01:00;48.80108159069614,2.402097210288048;Vitry-sur-Seine;
20009;Docteurs Déjérine - Pte de Montreuil;OUI;20;15;3;0;3;OUI;OUI;2022-03-11T22:58:39+01:00;48.85398448133697,2.41208288897222;Paris;
16115;Raffet - Montmorency;OUI;42;38;3;0;3;OUI;OUI;2022-03-11T22:56:33+01:00;48.85258670812,2.2629252456151954;Paris;
17033;Carnot - Général Lanrezac;OUI;30;30;0;0;0;NON;NON;2021-10-25T10:41:59+02:00;48.8754438707356,2.2938242935035684;Paris;
15123;Commerce - Letellier;OUI;44;11;32;30;2;OUI;OUI;2022-03-11T22:58:13+01:00;48.84797660373612,2.2966245196598805;Paris;
16101;Malakoff - Place de la Porte Maillot;OUI;31;10;7;4;3;OUI;OUI;2022-03-11T22:59:48+01:00;48.876733496637506,2.2834577411413193;Paris;
5107;Pontoise - La Tournelle;OUI;23;4;19;14;5;OUI;OUI;2022-03-11T23:02:02+01:00;48.85045800918843,2.352454275492188;Paris;
42305;Vanne - Saussaies;OUI;20;11;9;1;8;OUI;OUI;2022-03-11T23:01:27+01:00;48.786404,2.338848;Cachan;
21213;Vanne - Général de Gaulle;OUI;25;21;3;1;2;OUI;OUI;2022-03-11T23:00:24+01:00;48.815007,2.328318;Montrouge;
16003;André Maurois - Joseph et Marie Hackin;OUI;29;12;14;8;6;OUI;OUI;2022-03-11T23:02:45+01:00;48.8778983,2.2789591;Paris;
21702;Gare SNCF Vanves-Malakoff;OUI;51;47;4;2;2;OUI;OUI;2022-03-11T23:00:37+01:00;48.819002163836444,2.292150005103606;Vanves;
9101;Cadet - La Fayette;OUI;19;2;11;6;5;OUI;OUI;2022-03-11T22:57:54+01:00;48.87560163267239,2.343570403754711;Paris;
11032;Jean-Pierre Timbaud - Vaucouleurs;OUI;47;3;43;8;35;OUI;OUI;2022-03-11T23:02:44+01:00;48.867937,2.377885;Paris;
21028;Pierre Lefaucheux - Traversière;OUI;35;12;23;21;2;OUI;OUI;2022-03-11T23:01:15+01:00;48.82435208303827,2.2417913004755974;Boulogne-Billancourt;
42003;Place de l'Insurrection d'Août 1944;OUI;30;18;11;9;2;OUI;OUI;2022-03-11T23:02:18+01:00;48.81477852751594,2.398074567317963;Ivry-sur-Seine;
12043;Daumesnil - Hébrard;OUI;40;4;35;25;10;OUI;OUI;2022-03-11T23:01:33+01:00;48.8429,2.38474;Paris;
20007;Buzenval - Avron;OUI;50;41;8;5;3;OUI;OUI;2022-03-11T22:56:27+01:00;48.851617204998654,2.401513597307666;Paris;
16030;Place de Barcelone - Mirabeau;OUI;55;0;51;47;4;OUI;OUI;2022-03-11T23:02:33+01:00;48.84762302736417,2.2735664248466496;Paris;
32301;Mairie de Romainville;OUI;17;15;1;0;1;OUI;OUI;2022-03-11T22:56:16+01:00;48.885109,2.435679;Romainville;
31025;Paul Signac - Aristide Briand;OUI;35;22;13;0;13;OUI;OUI;2022-03-11T23:02:43+01:00;48.86950262156371,2.4502260982990265;Montreuil;
22501;Théâtre de La Garenne;OUI;20;13;6;2;4;OUI;OUI;2022-03-11T23:02:11+01:00;48.905768309295276,2.2353921022349748;La Garenne-Colombes;
20108;Jardin de l'Hospice Debrousse;OUI;23;20;3;0;3;OUI;OUI;2022-03-11T22:58:27+01:00;48.861451061938,2.405686005949974;Paris;
21219;Amaury Duval - Gabriel Péri;OUI;36;33;2;2;0;OUI;OUI;2022-03-11T22:55:19+01:00;48.81718759671675,2.323841750621796;Montrouge;
16020;Place de la Porte de Passy;OUI;36;26;10;5;5;OUI;OUI;2022-03-11T23:00:19+01:00;48.857341095470794,2.2644165538827115;Paris;
10018;Square Alban Satragne;OUI;30;14;14;4;10;OUI;OUI;2022-03-11T23:01:46+01:00;48.875388227727306,2.355956733335916;Paris;
13126;Place Nationale - Château-des-Rentiers;OUI;18;14;4;4;0;OUI;OUI;2022-03-11T22:58:07+01:00;48.829566,2.365053;Paris;
22008;Charles de Gaulle - Graviers;OUI;28;22;6;4;2;OUI;OUI;2022-03-11T23:01:57+01:00;48.88315175918637,2.2648814320564274;Neuilly-sur-Seine;
4003;Quai aux Fleurs - Pont Saint-Louis;OUI;21;15;5;4;1;OUI;OUI;2022-03-11T23:02:15+01:00;48.85291595620935,2.352195717394352;Paris;
13128;Quai de la Gare - Pont de Bercy;OUI;30;1;27;21;6;OUI;OUI;2022-03-11T22:59:13+01:00;48.837307879720484,2.3740861260598494;Paris;
8020;Batignolles - Beudant;OUI;44;40;4;1;3;OUI;OUI;2022-03-11T23:01:22+01:00;48.88216401466375,2.319852970540523;Paris;
5014;Jean Calvin - Tournefort;OUI;28;19;9;3;6;OUI;OUI;2022-03-11T22:59:55+01:00;48.84158856925782,2.348489575088024;Paris;
4001;Arcole - Notre-Dame;OUI;31;19;11;10;1;OUI;OUI;2022-03-11T22:59:12+01:00;48.85388354132773,2.3493797332048416;Paris;
13011;Hôpital - Campo-Formio;OUI;16;15;1;0;1;OUI;OUI;2022-03-11T22:55:10+01:00;48.835405,2.358218;Paris;
23003;Président Wilson - Baudin;OUI;28;22;6;1;5;OUI;OUI;2022-03-11T23:02:44+01:00;48.89826887103676,2.2849336266517644;Levallois-Perret;
32011;Stade de France;OUI;44;27;16;1;15;OUI;OUI;2022-03-11T22:59:28+01:00;48.919141953558054,2.362065576016903;Saint-Denis;
14131;Jourdan - Monticelli;OUI;30;25;2;1;1;OUI;OUI;2022-03-11T22:59:46+01:00;48.822032,2.329095;Paris;
13033;Porte d'Italie;OUI;13;10;3;1;2;OUI;OUI;2022-03-11T22:56:06+01:00;48.817161987718954,2.360236309468746;Paris;
17023;Porte d'Asnières;OUI;36;20;16;12;4;OUI;OUI;2022-03-11T23:02:46+01:00;48.89035817610495,2.3036286234855656;Paris;
42701;Charles Gide - Fort de Bicêtre;OUI;30;27;2;0;2;OUI;OUI;2022-03-11T23:00:19+01:00;48.8071937956922,2.353984415531159;Le Kremlin-Bicêtre;
19108;Gaston Tessier - Rosa Parks RER;OUI;37;34;2;1;1;OUI;OUI;2022-03-11T22:57:27+01:00;48.8963765,2.3743692;Paris;
20122;Vitruve - Davout;OUI;23;18;4;2;2;OUI;OUI;2022-03-11T22:56:22+01:00;48.86053161154489,2.4091592812626543;Paris;
42501;Raspail - Albert Schweitzer;OUI;28;4;24;20;4;OUI;OUI;2022-03-11T23:00:34+01:00;48.81031545,2.34395871;Gentilly;
18027;Damrémont - Ordener;OUI;30;12;17;4;13;OUI;OUI;2022-03-11T23:01:45+01:00;48.893400392981874,2.336266523912805;Paris;
4002;Marché aux fleurs;OUI;23;6;14;9;5;OUI;OUI;2022-03-11T23:01:41+01:00;48.85525811539143,2.3473754525184636;Paris;
11038;Temple - Charlot;OUI;45;11;33;32;1;OUI;OUI;2022-03-11T23:01:41+01:00;48.86570934379584,2.365273725072355;Paris;
21204;Estienne d'Orves - Henri Ginoux;OUI;31;26;4;1;3;OUI;OUI;2022-03-11T22:59:38+01:00;48.815388220397274,2.320886790760933;Montrouge;
17015;Place de Lévis;OUI;48;26;18;15;3;OUI;OUI;2022-03-11T23:02:43+01:00;48.883546851533254,2.3131933808326726;Paris;
42209;Place de l'Europe - Quai de Bercy;OUI;17;7;9;8;1;OUI;OUI;2022-03-11T22:57:47+01:00;48.82529858840266,2.3945679143071175;Charenton-le-Pont;
15023;La Motte-Picquet - Grenelle;OUI;34;19;15;11;4;OUI;OUI;2022-03-11T23:01:03+01:00;48.84858321339195,2.299347817897797;Paris;
43001;Paris - Laitières;OUI;22;6;14;1;13;OUI;OUI;2022-03-11T22:54:11+01:00;48.84630274151258,2.4207553267478947;Vincennes;
8549;George V - Christophe Colomb;OUI;24;15;9;6;3;OUI;OUI;2022-03-11T22:56:33+01:00;48.87046,2.30104;Paris;
22206;Louis Pasteur - Albert Petit;OUI;31;30;1;0;1;OUI;OUI;2022-03-11T22:57:09+01:00;48.796261,2.317289;Bagneux;
4016;Lobau - Hôtel de Ville;OUI;60;16;43;30;13;OUI;OUI;2022-03-11T22:58:06+01:00;48.8562118,2.3532536;Paris;
17003;Jacques Kellner - Saint-Ouen;OUI;45;31;14;8;6;OUI;OUI;2022-03-11T23:02:14+01:00;48.895809485802886,2.327897409164145;Paris;
11021;Charonne - Pierre Bayle;OUI;23;20;3;0;3;OUI;OUI;2022-03-11T22:57:28+01:00;48.858445054261914,2.39039812238911;Paris;
21217;Louis Rolland - République;OUI;26;23;2;0;2;OUI;OUI;2022-03-11T22:58:21+01:00;48.81710889740748,2.3193106434955717;Montrouge;
44007;Camille Groult - Guy Môquet;OUI;22;11;11;10;1;OUI;OUI;2022-03-11T22:55:45+01:00;48.787482746521306,2.3976725712418556;Vitry-sur-Seine;
15030;Emeriau - Beaugrenelle;OUI;74;1;71;62;9;OUI;OUI;2022-03-11T23:02:07+01:00;48.84791249714942,2.2843059897422795;Paris;
6008;Assas - Luxembourg;OUI;33;28;1;0;1;OUI;OUI;2022-03-11T23:01:38+01:00;48.84373446877937,2.333428381875887;Paris;
9114;Faubourg Poissonnière - Dunkerque;OUI;30;23;7;2;5;OUI;OUI;2022-03-11T22:57:34+01:00;48.880883445404436,2.349934279918671;Paris;
13106;Bobillot - Paulin Mery;OUI;23;17;5;0;5;OUI;OUI;2022-03-11T23:01:29+01:00;48.829899841747384,2.3543356766748507;Paris;
12007;Gare de Lyon - Chalon;OUI;45;7;38;32;6;OUI;OUI;2022-03-11T23:02:48+01:00;48.84566619420225,2.3741452395915985;Paris;
10105;Mazagran - Bonne Nouvelle;OUI;25;1;23;12;11;OUI;OUI;2022-03-11T23:02:16+01:00;48.870047123655254,2.351124845445156;Paris;
25001;Colmar - Victor Hugo;OUI;32;13;18;3;15;OUI;OUI;2022-03-11T23:02:06+01:00;48.88652251096166,2.173960916697979;Rueil-Malmaison;
35001;Jean Jaurès - Ouvrières Pivéreuses;OUI;20;9;11;7;4;OUI;OUI;2022-03-11T23:01:22+01:00;48.91042343752563,2.399576604366303;Pantin;
14010;Jean Moulin - Place Victor et Hélène Basch;OUI;41;22;16;6;10;OUI;OUI;2022-03-11T22:59:08+01:00;48.82764910240992,2.326196730136872;Paris;
13109;Brillat-Savarin - Küss;OUI;21;10;10;2;8;OUI;OUI;2022-03-11T23:01:30+01:00;48.822203,2.350422;Paris;
31007;Paris - Désiré Préaux;OUI;49;30;17;6;11;OUI;OUI;2022-03-11T23:01:36+01:00;48.85742876694898,2.4323049187660217;Montreuil;
15064;Javel - André Citroën;OUI;45;2;40;35;5;OUI;OUI;2022-03-11T23:01:26+01:00;48.846276485475,2.2786368057131767;Paris;
13032;Italie - Jardin Joan Miro;OUI;26;24;2;0;2;OUI;OUI;2022-03-11T22:57:25+01:00;48.81990914045756,2.3592948541045193;Paris;
16011;Victor Hugo - La Pompe;OUI;41;33;8;0;8;OUI;OUI;2022-03-11T23:00:42+01:00;48.86795222470859,2.28146318346262;Paris;
41101;Paul Doumer - Stalingrad;OUI;24;13;10;7;3;OUI;OUI;2022-03-11T23:02:28+01:00;48.806518992198676,2.3368880152702336;Arcueil;
35007;Benjamin Delessert - Jean Lolive;OUI;21;13;5;0;5;OUI;OUI;2022-03-11T22:58:03+01:00;48.89392043619345,2.417981922626496;Pantin;
8037;Monceau - Malesherbes;OUI;38;34;4;0;4;OUI;OUI;2022-03-11T22:56:25+01:00;48.8795079,2.3145456;Paris;
47001;Place de la Gare;OUI;46;24;22;18;4;OUI;OUI;2022-03-11T23:00:11+01:00;48.80253358011283,2.4275037646293645;Maisons-Alfort;
18038;Rond-Point de la Chapelle;OUI;49;16;31;22;9;OUI;OUI;2022-03-11T23:00:37+01:00;48.895126609314104,2.359971106052399;Paris;
44101;Place Mongolfier;OUI;39;6;32;29;3;OUI;OUI;2022-03-11T23:02:38+01:00;48.815160030060376,2.4592879414558415;Saint-Maurice;
23004;Paul Vaillant-Couturier - Victor Hugo;OUI;36;2;28;19;9;OUI;OUI;2022-03-11T23:02:18+01:00;48.89819702263572,2.293848017974069;Levallois-Perret;
27004;Gare de la Garenne-Colombes;OUI;28;0;27;10;17;OUI;OUI;2022-03-11T23:02:46+01:00;48.909752,2.239145;Colombes;
17107;Berthier - Place Stuart Merril;OUI;37;26;9;3;6;OUI;OUI;2022-03-11T22:58:49+01:00;48.885927922355044,2.2933450341224675;Paris;
22303;Lucien Lanternier - Le Luth;OUI;27;4;23;11;12;OUI;OUI;2022-03-11T23:02:16+01:00;48.93159430558871,2.2889783978462224;Gennevilliers;
16002;Pergolèse - Malakoff;OUI;38;21;17;4;13;OUI;OUI;2022-03-11T23:02:09+01:00;48.87521088779225,2.2842781618237495;Paris;
92001;Mairie de quartier du Plateau - Mont-Valérien;OUI;20;14;5;0;5;OUI;OUI;2022-03-11T22:58:53+01:00;48.8799933,2.2072437;Nanterre;
15004;Vaugirard - Pasteur;OUI;21;15;6;2;4;OUI;OUI;2022-03-11T23:02:18+01:00;48.84040868803496,2.3154367133975033;Paris;
43010;La Jarry - Place Diderot;OUI;25;3;21;3;18;OUI;OUI;2022-03-11T23:02:08+01:00;48.849726940367326,2.452013790607453;Vincennes;
15057;Lucien Bossoutrot - Général Martial Vallin;OUI;39;23;15;12;3;OUI;OUI;2022-03-11T22:58:09+01:00;48.83695604631085,2.274107225239277;Paris;
23010;Voltaire - Anatole France;OUI;27;9;17;10;7;OUI;OUI;2022-03-11T23:01:42+01:00;48.891999360256904,2.284262739121914;Levallois-Perret;
11017;Charonne - Bureau;OUI;47;40;5;4;1;OUI;OUI;2022-03-11T22:58:58+01:00;48.854176,2.396093;Paris;
18007;Goutte d'or - Barbès;OUI;20;8;9;7;2;OUI;OUI;2022-03-11T23:02:08+01:00;48.88512432362698,2.349696233868599;Paris;
13044;Place Jeanne d'Arc;OUI;36;26;10;1;9;OUI;OUI;2022-03-11T22:59:02+01:00;48.829575,2.369126;Paris;
15005;Place Jacques et Thérèse Tréfouël;OUI;43;40;3;0;3;OUI;OUI;2022-03-11T23:01:50+01:00;48.842726498316644,2.3125657439231877;Paris;
15022;Emile Zola - Fondary;OUI;42;9;33;31;2;OUI;OUI;2022-03-11T23:01:27+01:00;48.847051143113745,2.2953405976295476;Paris;
19128;Quai de l'Oise - Aisne;OUI;30;15;13;4;9;OUI;OUI;2022-03-11T23:01:20+01:00;48.8906231,2.3833701;Paris;
16001;Portugais - Kléber;OUI;26;23;2;1;1;OUI;OUI;2022-03-11T23:01:25+01:00;48.8712148,2.2937349;Paris;
22408;Place du 14 Juillet;OUI;22;9;8;1;7;OUI;OUI;2022-03-11T22:59:20+01:00;48.8192669595252,2.30119988322258;Malakoff;
15311;Quai du Président Roosevelt - Pont Aval;OUI;30;15;15;15;0;OUI;OUI;2022-03-11T22:57:24+01:00;48.8343883676388,2.2656820714473724;Paris;
18006;Square Louise Michel;OUI;36;26;9;1;8;OUI;OUI;2022-03-11T23:02:27+01:00;48.88468735450907,2.3441386967897415;Paris;
35006;Delizy - Louis Nadot;OUI;22;21;1;1;0;OUI;OUI;2022-03-11T22:59:52+01:00;48.896212845581346,2.4094578623771667;Pantin;
6027;Blaise-Desgoffe - Vaugirard;OUI;32;23;9;3;6;OUI;OUI;2022-03-11T23:01:25+01:00;48.84612887774711,2.324267216026783;Paris;
22015;Île de la Jatte;OUI;23;6;14;8;6;OUI;OUI;2022-03-11T22:57:37+01:00;48.894036161302104,2.2666339203715324;Neuilly-sur-Seine;
21401;Mairie de Clamart;OUI;33;21;11;1;10;OUI;OUI;2022-03-11T22:56:15+01:00;48.800612,2.262151;Clamart;
12018;Saint-Mandé - Fabre d'Eglantine;OUI;34;28;5;3;2;OUI;OUI;2022-03-11T22:57:56+01:00;48.8453579,2.3965022;Paris;
9027;Douai - Pierre Fontaine;OUI;25;18;6;1;5;OUI;OUI;2022-03-11T23:02:36+01:00;48.88229101148092,2.33324121683836;Paris;
44005;Place Saint-Just;OUI;22;11;9;6;3;OUI;OUI;2022-03-11T23:00:47+01:00;48.790379518724265,2.3895226791501045;Vitry-sur-Seine;
17108;Bessières - Porte de Clichy;OUI;33;4;26;24;2;OUI;OUI;2022-03-11T23:01:38+01:00;48.89611762451474,2.31790903955698;Paris;
7017;La Motte-Picquet - La Tour Maubourg;OUI;40;8;30;27;3;OUI;OUI;2022-03-11T23:02:39+01:00;48.8572316,2.3094136;Paris;
41205;Maréchal Joffre - Verdun;OUI;20;16;4;0;4;OUI;OUI;2022-03-11T23:00:35+01:00;48.85385,2.470307;Fontenay-sous-Bois;
15071;Suffren - Champ de Mars;OUI;23;2;21;14;7;OUI;OUI;2022-03-11T23:02:05+01:00;48.8547194,2.2952168;Paris;
4020;Place Edmond Michelet;OUI;23;8;14;10;4;OUI;OUI;2022-03-11T22:57:20+01:00;48.860134890541865,2.350063696503639;Paris;
4021;Centre Georges Pompidou;OUI;26;17;8;7;1;OUI;OUI;2022-03-11T23:01:04+01:00;48.861419,2.352581;Paris;
9024;Taitbout - La Fayette;OUI;53;47;4;0;4;OUI;OUI;2022-03-11T22:58:37+01:00;48.87332988919973,2.3352625966072087;Paris;
32601;Porte des Lilas - Faidherbe;OUI;39;35;3;0;3;OUI;OUI;2022-03-11T22:54:27+01:00;48.87861855668978,2.4120327830314636;Les Lilas;
33015;Charles Tillon - Cimetière Communal;OUI;30;15;11;10;1;OUI;OUI;2022-03-11T23:00:10+01:00;48.91844023641836,2.3935630917549138;Aubervilliers;
33016;Fort d'Aubervilliers;OUI;22;19;3;1;2;OUI;OUI;2022-03-11T22:57:39+01:00;48.91502382370325,2.4035281687974925;Aubervilliers;
15011;Cambronne - Villa Croix Nivert;OUI;62;36;25;20;5;OUI;OUI;2022-03-11T23:00:20+01:00;48.84584756136587,2.3017574474215508;Paris;
27005;Gare du Stade;OUI;20;2;18;12;6;OUI;OUI;2022-03-11T23:01:51+01:00;48.9312676,2.2603778;Colombes;
1021;Halles - Bourdonnais;OUI;20;4;15;8;7;OUI;OUI;2022-03-11T23:02:18+01:00;48.86044899257468,2.3460162431001663;Paris;
17123;Mstislav Rostropovitch - Berthier;OUI;18;16;2;1;1;OUI;OUI;2022-03-11T23:01:42+01:00;48.892120821173975,2.309234105050564;Paris;
17111;Lemercier - Cardinet;OUI;24;20;2;0;2;OUI;OUI;2022-03-11T23:00:15+01:00;48.890097168851746,2.317377626895905;Paris;
12005;Crozatier - Faubourg Saint-Antoine;OUI;29;8;13;8;5;OUI;OUI;2022-03-11T23:02:23+01:00;48.8504400134045,2.37890136621104;Paris;
44016;Balzac - Olympes de Gouges;OUI;28;9;19;8;11;OUI;OUI;2022-03-11T23:02:38+01:00;48.77850332486751,2.4006786569952965;Vitry-sur-Seine;
21501;Pont de Suresnes;OUI;52;42;10;5;5;OUI;OUI;2022-03-11T23:01:17+01:00;48.8674150923217,2.225894667961703;Suresnes;
17119;Toqueville - Cardinet;OUI;33;22;11;3;8;OUI;OUI;2022-03-11T22:56:55+01:00;48.88490187110713,2.3109393194317818;Paris;
21319;Esplanade du Foncet - Camille Desmoulins;OUI;28;9;18;15;3;OUI;OUI;2022-03-11T22:59:27+01:00;48.827090233494964,2.2606857866048813;Issy-les-Moulineaux;
18041;Rochechouart - Martyrs;OUI;20;18;2;0;2;OUI;OUI;2022-03-11T23:02:10+01:00;48.88219377957169,2.3405495658516884;Paris;
9102;Londres - Place d'Estienne d'Orves;OUI;25;21;2;2;0;OUI;OUI;2022-03-11T22:52:58+01:00;48.876693805756986,2.3305362090468407;Paris;
51002;Placette Grégoire Collas;OUI;25;1;24;10;14;OUI;OUI;2022-03-11T23:01:39+01:00;48.94342014002797,2.2487476095557213;Argenteuil;
18044;Clichy - Douai;OUI;32;25;5;2;3;OUI;OUI;2022-03-11T23:02:47+01:00;48.88411831886975,2.3287287354469304;Paris;
9004;Gérando - Rochechouart;OUI;21;13;6;0;6;OUI;OUI;2022-03-11T22:55:44+01:00;48.88294340844958,2.346484623849392;Paris;
9006;Dunkerque - Trudaine;OUI;16;14;2;0;2;OUI;OUI;2022-03-11T23:02:41+01:00;48.88215166773376,2.3463253676891327;Paris;
15102;Square Bela Bartok;OUI;24;10;13;12;1;OUI;OUI;2022-03-11T23:02:21+01:00;48.85120156830401,2.2846536710858345;Paris;
12038;Picpus - Louis Braille;OUI;44;38;6;3;3;OUI;OUI;2022-03-11T22:55:23+01:00;48.839988788911874,2.400525668552064;Paris;
12026;Place Ginette Hamelin;OUI;51;11;39;35;4;OUI;OUI;2022-03-11T23:02:18+01:00;48.837853,2.382064;Paris;
18030;Joseph Dijon - Ornano;OUI;37;33;3;0;3;OUI;OUI;2022-03-11T23:00:54+01:00;48.89374453351521,2.3476678133010864;Paris;
6012;Saint-Germain - Ciseaux;OUI;18;1;16;4;12;OUI;OUI;2022-03-11T22:59:44+01:00;48.85330527759475,2.334465461882703;Paris;
92006;Place Nelson Mandela;OUI;30;28;2;1;1;OUI;OUI;2022-03-11T22:55:37+01:00;48.897874318180556,2.2182820737361912;Nanterre;
13009;Auguste Blanqui - Corvisart;OUI;26;22;3;0;3;OUI;OUI;2022-03-11T22:56:28+01:00;48.8300989,2.3502726;Paris;
31005;Square Denise Buisson;OUI;45;39;6;2;4;OUI;OUI;2022-03-11T23:00:48+01:00;48.8562322730982,2.426436245441437;Montreuil;
21314;Chemin de Bretagne;OUI;29;14;15;15;0;OUI;OUI;2022-03-11T23:02:43+01:00;48.825147,2.25936;Issy-les-Moulineaux;
13516;Glacière - Soeur Catherine Marie;OUI;40;36;4;1;3;OUI;OUI;2022-03-11T23:02:21+01:00;48.829522989420596,2.343570403754711;Paris;
5024;Place Monge;OUI;21;17;4;1;3;OUI;OUI;2022-03-11T22:52:59+01:00;48.842761803051346,2.3524079471826553;Paris;
12155;Rottembourg - Général Michel Bizot;OUI;43;12;28;24;4;OUI;OUI;2022-03-11T23:02:42+01:00;48.83787825992554,2.4044052511453633;Paris;
14137;Maurice d'Ocagne - General Maudhuy;OUI;30;22;6;3;3;OUI;OUI;2022-03-11T23:00:13+01:00;48.82414282524159,2.3158789426088333;Paris;
9011;Geoffroy - Marie;OUI;20;6;14;11;3;OUI;OUI;2022-03-11T22:59:08+01:00;48.873781940593325,2.344513876337893;Paris;
2108;Vivienne - Montmartre;OUI;39;21;18;11;7;OUI;OUI;2022-03-11T23:02:34+01:00;48.8713475973833,2.341458834707737;Paris;
7109;Place Joffre - Frédéric le Play;OUI;38;10;27;24;3;OUI;OUI;2022-03-11T23:00:39+01:00;48.85375448693786,2.3044242337346077;Paris;
12028;Vivaldi - Antoine-Julien Hénard;OUI;27;21;6;1;5;OUI;OUI;2022-03-11T23:02:08+01:00;48.841923663276546,2.389728979467376;Paris;
13025;Place de Rungis;OUI;32;1;30;26;4;OUI;OUI;2022-03-11T23:01:03+01:00;48.82245594764965,2.347382729482953;Paris;
12101;Charenton - Prague;OUI;26;3;23;17;6;OUI;OUI;2022-03-11T23:02:35+01:00;48.848175129981016,2.376358449431232;Paris;
9034;Godot de Mauroy - Madeleine;OUI;22;19;2;1;1;OUI;OUI;2022-03-11T23:02:34+01:00;48.869789,2.326347;Paris;
21707;Square Etienne Jarousse;OUI;25;24;0;0;0;OUI;OUI;2022-03-11T22:59:58+01:00;48.82485182597129,2.2925933450460434;Vanves;
12035;Madagascar - Meuniers;OUI;33;0;33;19;14;OUI;OUI;2022-03-11T23:01:05+01:00;48.83460464474706,2.3970650508999825;Paris;
4019;Cloître Saint-Merri - Renard;OUI;32;7;21;17;4;OUI;OUI;2022-03-11T23:00:11+01:00;48.85883544889818,2.351827919483185;Paris;
1003;Saint-Denis - Rivoli;OUI;43;19;23;20;3;OUI;OUI;2022-03-11T23:02:07+01:00;48.85905934084166,2.3476943001151085;Paris;
15129;Hôpital Necker;OUI;40;30;8;5;3;OUI;OUI;2022-03-11T23:01:26+01:00;48.846043490118454,2.313245013356209;Paris;
5115;Buffon - Jardin des Plantes;OUI;30;2;27;25;2;OUI;OUI;2022-03-11T22:57:41+01:00;48.842668466104875,2.3618587106466293;Paris;
3102;Bourg l'Abbé - Saint-Martin;OUI;42;6;34;17;17;OUI;OUI;2022-03-11T23:02:45+01:00;48.86393331949257,2.352406270802021;Paris;
10021;Marché Saint-Quentin;OUI;15;8;7;1;6;OUI;OUI;2022-03-11T23:00:35+01:00;48.877356057652264,2.354511445637388;Paris;
8027;Mairie du 8ème;OUI;14;10;3;1;2;OUI;OUI;2022-03-11T22:57:06+01:00;48.877932,2.318264;Paris;
41211;Louis Xavier de Ricard - Ancienne Mairie;OUI;34;33;1;0;1;OUI;OUI;2022-03-11T22:58:39+01:00;48.84629899065091,2.472420372068882;Fontenay-sous-Bois;
2112;Bibliothèque Nationale - Richelieu;OUI;17;16;1;1;0;OUI;OUI;2022-03-11T22:53:05+01:00;48.868288993515,2.3380893096328;Paris;
44011;Lebrun - Colonel Fabien;OUI;27;25;2;0;2;OUI;OUI;2022-03-11T22:56:56+01:00;48.78266870733145,2.381317801773548;Vitry-sur-Seine;
6022;Marché Saint-Germain;OUI;21;3;13;10;3;OUI;OUI;2022-03-11T23:02:43+01:00;48.85165625855281,2.335500307381153;Paris;
4010;Saint-Antoine Sévigné;OUI;26;2;23;20;3;OUI;OUI;2022-03-11T22:55:36+01:00;48.8550222,2.3612322;Paris;
41403;Gare RER - Malleret-Joinville;OUI;20;8;11;8;3;OUI;OUI;2022-03-11T23:02:39+01:00;48.802936,2.42531;Alfortville;
8116;Champs-Elysees - Bassano;OUI;25;25;0;0;0;NON;NON;2021-02-21T20:09:18+01:00;48.87181180781605,2.3002389818429947;Paris;
23102;Hôtel de Ville de Sèvres;OUI;32;25;5;5;0;OUI;OUI;2022-03-11T22:59:35+01:00;48.824363561288756,2.2131047397851944;Sèvres;
20015;Bagnolet - Orteaux;OUI;36;21;15;3;12;OUI;OUI;2022-03-11T22:59:41+01:00;48.85708641027236,2.3984125256538396;Paris;
11033;Bréguet - Sabin;OUI;33;9;24;22;2;OUI;OUI;2022-03-11T23:02:22+01:00;48.856931678257446,2.3706749462105408;Paris;
51001;Gare d'Argenteuil;OUI;40;14;26;12;14;OUI;OUI;2022-03-11T23:00:49+01:00;48.947022436806705,2.256898172199726;Argenteuil;
17024;Villiers - Batignolles;OUI;23;15;5;2;3;OUI;OUI;2022-03-11T23:00:38+01:00;48.88125253846116,2.31653843075037;Paris;
15039;Abbé Groult - Convention;OUI;12;7;5;4;1;OUI;OUI;2022-03-11T22:55:39+01:00;48.83596927866069,2.302064039509349;Paris;
11011;Richard Lenoir - Voltaire;OUI;25;1;24;15;9;OUI;OUI;2022-03-11T22:59:27+01:00;48.86164273877979,2.3727491497993474;Paris;
21315;Jules Guesdes - Général de Gaulle;OUI;24;19;5;1;4;OUI;OUI;2022-03-11T22:56:40+01:00;48.81930581291959,2.278934195637703;Issy-les-Moulineaux;
41401;Marne - Charles de Gaulle;OUI;27;17;8;2;6;OUI;OUI;2022-03-11T22:55:03+01:00;48.815071719544434,2.4121668934822087;Alfortville;
15006;Cherche-Midi - Hôpital Necker;OUI;38;34;3;0;3;OUI;OUI;2022-03-11T23:00:27+01:00;48.84461063309956,2.317914068698883;Paris;
6002;Saint-Benoît - Jacob;OUI;23;11;11;9;2;OUI;OUI;2022-03-11T23:02:00+01:00;48.85545136013941,2.3334722220897675;Paris;
21402;Place Aimé Césaire;OUI;27;24;3;2;1;OUI;OUI;2022-03-11T22:56:20+01:00;48.783194713067815,2.2429127991199493;Clamart;
14031;Didot - Place de Moro-Giafferi;OUI;22;13;9;1;8;OUI;OUI;2022-03-11T23:01:49+01:00;48.8337,2.3215;Paris;
9007;Condorcet - Turgot;OUI;20;14;3;1;2;OUI;OUI;2022-03-11T23:00:22+01:00;48.87985155789093,2.345232367515564;Paris;
16019;Porte de la Muette;OUI;36;32;4;1;3;OUI;OUI;2022-03-11T22:53:44+01:00;48.86302317841182,2.2687188170157406;Paris;
21303;Jean Monnet - Iles;OUI;32;15;17;17;0;OUI;OUI;2022-03-11T23:02:34+01:00;48.823393984057304,2.2497073194874866;Issy-les-Moulineaux;
33012;Landy - Heurtault;OUI;30;23;7;3;4;OUI;OUI;2022-03-11T23:02:25+01:00;48.915096534520316,2.375951372087002;Aubervilliers;
33014;Parc Eli Lotar;OUI;20;10;10;3;7;OUI;OUI;2022-03-11T23:01:23+01:00;48.91844993053703,2.3727085813879967;Aubervilliers;
10019;Paradis - Hauteville;OUI;31;26;4;2;2;OUI;OUI;2022-03-11T23:01:08+01:00;48.874999954666755,2.3522757401923404;Paris;
13052;Leredde - Tolbiac;OUI;44;7;34;24;10;OUI;OUI;2022-03-11T23:02:08+01:00;48.828876296639876,2.374438270926476;Paris;
14032;Mairie du 14ème;OUI;32;26;5;3;2;OUI;OUI;2022-03-11T23:01:43+01:00;48.83254578122993,2.325492314994335;Paris;
15127;Place Charles Michels;OUI;37;0;35;32;3;OUI;OUI;2022-03-11T23:01:48+01:00;48.846401,2.28502;Paris;
14011;Place des Droits de l'Enfant;OUI;24;17;7;3;4;OUI;OUI;2022-03-11T23:00:10+01:00;48.8274804,2.3319217;Paris;
15036;Croix Nivert - Square Saint-Lambert;OUI;47;14;33;32;1;OUI;OUI;2022-03-11T23:02:22+01:00;48.8430515215905,2.295200452208519;Paris;
11001;Richard Lenoir - Place de la Bastille;OUI;53;3;47;38;9;OUI;OUI;2022-03-11T23:00:07+01:00;48.8538327,2.3697222;Paris;
20105;Benoît Frachon - République;OUI;30;28;1;1;0;OUI;OUI;2022-03-11T22:57:47+01:00;48.85230729014318,2.415605485439301;Paris;
16005;Raymond Poincaré - Place Victor Hugo;OUI;25;19;5;2;3;OUI;OUI;2022-03-11T23:02:36+01:00;48.870306124369975,2.285074541420228;Paris;
15018;Dutot - Place Alleray;OUI;56;51;5;1;4;OUI;OUI;2022-03-11T22:59:20+01:00;48.83682609176588,2.307170109557766;Paris;
17009;Paul Bodin - Clichy;OUI;34;28;5;2;3;OUI;OUI;2022-03-11T23:02:32+01:00;48.89239614618928,2.317142598330975;Paris;
13035;Choisy - Tolbiac;OUI;26;13;12;6;6;OUI;OUI;2022-03-11T22:55:37+01:00;48.82591155587,2.3602393269539;Paris;
15008;Sèvres - Lecourbe;OUI;62;47;14;13;1;OUI;OUI;2022-03-11T23:02:29+01:00;48.8447677,2.3110086;Paris;
33103;Jean Jaurès - Jules Jacquemin;OUI;24;23;0;0;0;OUI;OUI;2022-03-11T22:59:13+01:00;48.88433053604843,2.4082902455152104;Le Pré-Saint-Gervais;
15001;Gare Montparnasse - Arrivée;OUI;43;14;27;7;20;OUI;OUI;2022-03-11T23:02:43+01:00;48.843827994314886,2.3225811123847966;Paris;
20044;Davout - Volga;OUI;28;23;5;2;3;OUI;OUI;2022-03-11T23:01:32+01:00;48.852919679957296,2.410522909779111;Paris;
5007;Ecoles - Carmes;OUI;36;12;23;3;20;OUI;OUI;2022-03-11T23:02:39+01:00;48.848904447989405,2.3473486304283147;Paris;
13018;Bruant - Vincent Auriol;OUI;25;10;14;10;4;OUI;OUI;2022-03-11T23:02:15+01:00;48.83484845292942,2.366826499627087;Paris;
14026;Plantes - Moulin Vert;OUI;45;33;12;4;8;OUI;OUI;2022-03-11T23:00:08+01:00;48.83005755305626,2.3232302069664006;Paris;
41203;Stalingrad - Rigollots;OUI;20;8;11;4;7;OUI;OUI;2022-03-11T22:59:04+01:00;48.84997403844251,2.45557576417923;Fontenay-sous-Bois;
16105;Crevaux - Bugeaud;OUI;31;25;6;2;4;OUI;OUI;2022-03-11T22:55:25+01:00;48.870809428669546,2.281149007691853;Paris;
18039;Jardins d'Eole;OUI;20;15;4;2;2;OUI;OUI;2022-03-11T23:00:21+01:00;48.8869703,2.3668488;Paris;
16036;Porte Molitor;OUI;60;38;18;16;2;OUI;OUI;2022-03-11T23:01:13+01:00;48.84524763511433,2.2569015249609947;Paris;
20022;Porte de Bagnolet;OUI;33;23;10;9;1;OUI;OUI;2022-03-11T22:57:43+01:00;48.864707139122984,2.408344637349607;Paris;
42505;Charles Frérot - Albert Guilpin;OUI;30;3;26;25;1;OUI;OUI;2022-03-11T23:02:48+01:00;48.8155839183714,2.3505029082298283;Gentilly;
12036;Reuilly - Place Felix Eboue;OUI;42;9;32;7;25;OUI;OUI;2022-03-11T23:02:39+01:00;48.84030274499962,2.394630398715453;Paris;
8117;Place de la Madeleine - Royale;OUI;26;14;10;10;0;OUI;OUI;2022-03-11T23:00:48+01:00;48.86922805264812,2.3244211077690125;Paris;
10008;Cité Riverin - Château d'Eau;OUI;18;4;14;10;4;OUI;OUI;2022-03-11T22:59:39+01:00;48.870702423554306,2.358739863900845;Paris;
1020;Cambon - Rivoli;OUI;40;23;15;12;3;OUI;OUI;2022-03-11T23:01:36+01:00;48.866143390992,2.3251800647136633;Paris;
16012;Flandrin - Longchamp;OUI;42;35;5;0;5;OUI;OUI;2022-03-11T23:00:23+01:00;48.86877849178477,2.274354539176829;Paris;
1006;Grande Truanderie - Saint-Denis;OUI;33;7;26;5;21;OUI;OUI;2022-03-11T23:01:25+01:00;48.8626302,2.3498075;Paris;
4006;Bourdon - Pont Morland;OUI;0;0;0;0;0;NON;NON;2022-02-10T14:43:35+01:00;48.8478103,2.3659356;Paris;
11112;Jules Vallès - Charonne;OUI;23;13;10;2;8;OUI;OUI;2022-03-11T23:02:16+01:00;48.85428437993525,2.384767457842827;Paris;
12015;Place de la Nation - Picpus;OUI;36;32;4;1;3;OUI;OUI;2022-03-11T22:56:50+01:00;48.84682168154762,2.400113046169281;Paris;
6010;Chevreuse - Montparnasse;OUI;15;13;1;1;0;OUI;OUI;2022-03-11T23:00:39+01:00;48.841739161230905,2.331552216736739;Paris;
26004;Gare RER les Grésillons;OUI;22;4;17;13;4;OUI;OUI;2022-03-11T23:02:43+01:00;48.919898633572764,2.31458459136273;Asnières-sur-Seine;
22201;Henri Ravera - Gabriel Péri;OUI;30;21;9;1;8;OUI;OUI;2022-03-11T23:01:50+01:00;48.79722273833844,2.302115857601166;Bagneux;
18139;Poissonniers - Championnet;OUI;28;15;4;2;2;OUI;OUI;2022-03-11T23:00:14+01:00;48.89543299733937,2.3530178144574165;Paris;
3008;Perle - Vieille du Temple;OUI;36;8;26;23;3;OUI;OUI;2022-03-11T22:55:55+01:00;48.8601346,2.3611206;Paris;
19110;Square Claude Bernard;OUI;30;21;6;4;2;OUI;OUI;2022-03-11T23:01:06+01:00;48.89876016219984,2.375325746834278;Paris;
5015;Epée de Bois - Mouffetard;OUI;63;51;12;7;5;OUI;OUI;2022-03-11T22:55:58+01:00;48.841508690388835,2.350066713988781;Paris;
48004;Maxime Gorki - Louis Aragon;OUI;20;19;1;0;1;OUI;OUI;2022-03-11T22:59:47+01:00;48.78909814728443,2.368387877941132;Villejuif;
10032;Claude Vellefaux - Hôpital Saint-Louis;OUI;32;14;15;6;9;OUI;OUI;2022-03-11T23:01:17+01:00;48.87285913900304,2.370071706985146;Paris;
45002;Roger Salengro - Général de Gaulle;OUI;27;7;20;12;8;OUI;OUI;2022-03-11T22:59:11+01:00;48.820029010376956,2.4846760556101803;Champigny-sur-Marne;
16042;Murat - Porte de Saint-Cloud;OUI;38;31;5;1;4;OUI;OUI;2022-03-11T22:56:26+01:00;48.83750862621299,2.2577651962637906;Paris;
15128;Cadix - Hameau;OUI;37;8;29;26;3;OUI;OUI;2022-03-11T23:00:37+01:00;48.8340107632249,2.289516180753708;Paris;
20034;Sorbier - Ménilmontant;OUI;24;4;20;1;19;OUI;OUI;2022-03-11T22:59:42+01:00;48.86854239566069,2.3897721245884895;Paris;
44014;Camille Risch - Paul Armangot;OUI;25;14;11;1;10;OUI;OUI;2022-03-11T22:54:24+01:00;48.774703,2.373685;Vitry-sur-Seine;
6104;Herschel - Observatoire;OUI;37;34;3;1;2;OUI;OUI;2022-03-11T22:59:18+01:00;48.84342376221923,2.3376645147800446;Paris;
12037;Reuilly - Daumesnil;OUI;36;25;9;2;7;OUI;OUI;2022-03-11T22:58:21+01:00;48.8395385,2.3972516;Paris;
10034;Louis Blanc - La Chapelle;OUI;21;18;3;2;1;OUI;OUI;2022-03-11T23:01:40+01:00;48.88400896451429,2.3599335551261906;Paris;
17019;Phalsbourg - Villiers;OUI;20;16;3;3;0;OUI;OUI;2022-03-11T22:57:51+01:00;48.88242307900951,2.3090453445911407;Paris;
12019;Gare de Reuilly - Picpus;OUI;28;24;4;3;1;OUI;OUI;2022-03-11T22:53:47+01:00;48.84267354116789,2.3972943797707558;Paris;
16037;Molitor - Michel-Ange;OUI;52;24;27;17;10;OUI;OUI;2022-03-11T22:57:20+01:00;48.845182081538034,2.26211277356597;Paris;
16102;Pergolèse - Marbeau;OUI;27;23;4;3;1;OUI;OUI;2022-03-11T23:01:25+01:00;48.87356870686902,2.281512522529856;Paris;
47003;Charentonneau - Maisons Alfort;OUI;20;8;11;4;7;OUI;OUI;2022-03-11T23:02:41+01:00;48.809932980484355,2.443288456496946;Maisons-Alfort;
14135;Jourdan - Cité Universitaire;OUI;39;37;1;0;1;OUI;OUI;2022-03-11T22:56:35+01:00;48.819897343156676,2.3397007964124366;Paris;
18004;Place des Abbesses;OUI;12;9;2;0;2;OUI;OUI;2022-03-11T23:02:26+01:00;48.884542726149725,2.3386867716908455;Paris;
20024;Gambetta - Père Lachaise;OUI;29;19;9;0;9;OUI;OUI;2022-03-11T23:02:04+01:00;48.864295696165875,2.398228667282044;Paris;
16013;Mairie du 16ème;OUI;35;23;10;6;4;OUI;OUI;2022-03-11T22:55:56+01:00;48.863936848471994,2.2765953093767166;Paris;
12156;Niger - Soult;OUI;24;15;9;5;4;OUI;OUI;2022-03-11T23:01:17+01:00;48.84369906369085,2.410361237220498;Paris;
7012;Cité Vaneau;OUI;26;19;7;6;1;OUI;OUI;2022-03-11T23:00:32+01:00;48.8542210666207,2.319614924490452;Paris;
18140;Porte de Clignancourt - Ney;OUI;40;37;3;2;1;OUI;OUI;2022-03-11T22:56:06+01:00;48.899641123987095,2.344321422278881;Paris;
20008;Pyrénées - Avron;OUI;32;25;7;3;4;OUI;OUI;2022-03-11T22:53:46+01:00;48.853246898211985,2.405871044529538;Paris;
4108;Quai de Béthune - Pont de la Tournelle;OUI;25;1;22;16;6;OUI;OUI;2022-03-11T23:02:19+01:00;48.85097433194032,2.356307208538055;Paris;
10038;Place du Colonel Fabien;OUI;27;5;22;11;11;OUI;OUI;2022-03-11T23:01:01+01:00;48.8775683208602,2.369879186153412;Paris;
1007;Turbigo - Française;OUI;16;11;5;3;2;OUI;OUI;2022-03-11T23:02:30+01:00;48.86358858111446,2.3477794602513313;Paris;
18034;Leibniz - Jean Dollfus;OUI;32;13;17;5;12;OUI;OUI;2022-03-11T22:59:26+01:00;48.896328348515986,2.333390423834684;Paris;
3010;Beaubourg - Michel-le-Comte;OUI;17;5;12;6;6;OUI;OUI;2022-03-11T23:02:32+01:00;48.862534941805855,2.354310303926468;Paris;
20104;Louis Lumière.;OUI;22;18;2;1;1;OUI;OUI;2022-03-11T22:59:27+01:00;48.86216198070008,2.41112578185621;Paris;
9037;Parme - Clichy;OUI;24;12;11;6;5;OUI;OUI;2022-03-11T22:54:33+01:00;48.88126642422664,2.328197093450571;Paris;
21309;Mairie d'Issy;OUI;41;1;40;23;17;OUI;OUI;2022-03-11T23:00:18+01:00;48.8237677924683,2.27231115102768;Issy-les-Moulineaux;
19201;Petit - Georges Thill;OUI;23;15;7;6;1;OUI;OUI;2022-03-11T23:02:41+01:00;48.88603131999171,2.3895753175020222;Paris;
20001;Place de la Nation - Charonne;OUI;36;30;5;0;5;OUI;OUI;2022-03-11T23:02:07+01:00;48.848364667776785,2.399762385981272;Paris;
19010;Emile Reynaud - Porte de la Villette;OUI;22;5;16;7;9;OUI;OUI;2022-03-11T22:59:03+01:00;48.90098953630053,2.3887022584676743;Paris;
13005;Cordelières - Arago;OUI;46;36;9;7;2;OUI;OUI;2022-03-11T23:00:23+01:00;48.83548071896613,2.348572461702221;Paris;
22301;Chausson - Gabriel Péri;OUI;22;3;19;9;10;OUI;OUI;2022-03-11T23:02:41+01:00;48.921891003481115,2.2952306270599365;Gennevilliers;
19002;Centquatre;OUI;42;32;8;4;4;OUI;OUI;2022-03-11T22:56:53+01:00;48.88933353845543,2.3707854375243187;Paris;
15132;Bargue -  Dutot;OUI;21;12;9;7;2;OUI;OUI;2022-03-11T23:00:39+01:00;48.837884,2.308876;Paris;
9009;Square Montholon;OUI;21;5;16;11;5;OUI;OUI;2022-03-11T23:02:06+01:00;48.876620377545024,2.3457641154527664;Paris;
20006;Pyrénées - Plaine;OUI;12;9;2;2;0;OUI;OUI;2022-03-11T22:53:24+01:00;48.85026702458012,2.4062821269035344;Paris;
14103;Maine - Liancourt;OUI;27;24;3;1;2;OUI;OUI;2022-03-11T23:01:12+01:00;48.835064363954,2.323731449973991;Paris;
10009;Mairie du 10ème;OUI;19;6;13;10;3;OUI;OUI;2022-03-11T23:00:31+01:00;48.87208944990723,2.357582598924637;Paris;
8110;Gare Saint-Lazare - Stockholm;OUI;32;10;21;18;3;OUI;OUI;2022-03-11T23:02:41+01:00;48.877127316667654,2.322417162358761;Paris;
2015;Louis le Grand - Italiens;OUI;33;26;3;2;1;OUI;OUI;2022-03-11T23:00:38+01:00;48.870508937203915,2.334054461939329;Paris;
41405;Place de l'Europe - Alfortville;OUI;24;2;22;13;9;OUI;OUI;2022-03-11T23:01:19+01:00;48.78913702405837,2.4284800887107854;Alfortville;
12002;Lacuée - Lyon;OUI;16;0;16;12;4;OUI;OUI;2022-03-11T23:02:46+01:00;48.849268481958404,2.370458543300628;Paris;
21026;Sèvres - Général Leclerc;OUI;30;20;10;3;7;OUI;OUI;2022-03-11T22:59:34+01:00;48.83012155905476,2.231426239013672;Boulogne-Billancourt;
21953;Gare de Bellevue;OUI;20;16;3;0;3;OUI;OUI;2022-03-11T23:00:05+01:00;48.8192404685572,2.2295309230685234;Meudon;
32013;Saint-Denis - Université;OUI;24;13;10;5;5;OUI;OUI;2022-03-11T23:01:22+01:00;48.94563430946964,2.3638297989964485;Saint-Denis;
7021;Bosquet - Saint-Dominique;OUI;28;14;12;9;3;OUI;OUI;2022-03-11T22:58:19+01:00;48.85865170952645,2.303716580234576;Paris;
12112;Charenton - Jardiniers;OUI;31;15;16;5;11;OUI;OUI;2022-03-11T23:01:46+01:00;48.833821772922654,2.394692664106047;Paris;
3001;Beaumarchais - Saint-Gilles;OUI;51;3;46;41;5;OUI;OUI;2022-03-11T23:02:36+01:00;48.8580378,2.3679352;Paris;
8028;Arsène Houssaye - Champs-Elysées;OUI;29;29;0;0;0;OUI;OUI;2022-03-11T22:56:53+01:00;48.87340927626732,2.2977904602885246;Paris;
11037;Faubourg Du Temple - Republique;OUI;38;7;27;17;10;OUI;OUI;2022-03-11T22:58:59+01:00;48.867872484748744,2.3648982158072323;Paris;
31709;Place de la Fraternité;OUI;22;20;1;0;1;OUI;OUI;2022-03-11T22:56:30+01:00;48.85716405838368,2.422847449779511;Montreuil;
16103;Traktir - Foch;OUI;22;18;4;3;1;OUI;OUI;2022-03-11T23:02:15+01:00;48.87275533461363,2.2915497802487077;Paris;
10011;Bourse du Travail;OUI;17;2;15;15;0;OUI;OUI;2022-03-11T23:01:29+01:00;48.868976638825686,2.362343855202198;Paris;
10006;Petites Ecuries - Faubourg Saint-Denis;OUI;28;9;17;13;4;OUI;OUI;2022-03-11T22:59:23+01:00;48.87287120589831,2.3542150855064397;Paris;
3011;Turbigo - Réaumur;OUI;31;9;22;19;3;OUI;OUI;2022-03-11T23:02:40+01:00;48.86557404753054,2.3564198613166814;Paris;
10027;Dunkerque - Alsace;OUI;20;16;4;1;3;OUI;OUI;2022-03-11T23:01:46+01:00;48.879355,2.358379;Paris;
4103;Archives - Rivoli;OUI;25;15;10;7;3;OUI;OUI;2022-03-11T23:00:10+01:00;48.857346707443455,2.3539767041802406;Paris;
21506;Maurice Payret-Dortail;OUI;22;19;3;0;3;OUI;OUI;2022-03-11T23:01:28+01:00;48.87811957063342,2.2233625128865246;Suresnes;
20029;Frères Flavien - Porte des Lilas;OUI;23;23;0;0;0;OUI;OUI;2022-03-11T22:53:48+01:00;48.8780992764359,2.41104629853209;Paris;
2003;Saint-Denis - Réaumur;OUI;32;6;23;20;3;OUI;OUI;2022-03-11T23:01:09+01:00;48.8661116315789,2.3507790675507594;Paris;
22503;Joffre - Aigle;OUI;20;16;4;1;3;OUI;OUI;2022-03-11T22:53:38+01:00;48.904033,2.245096;La Garenne-Colombes;
1102;Française - Etienne Marcel;OUI;37;9;27;24;3;OUI;OUI;2022-03-11T23:02:29+01:00;48.864053304653766,2.347587011754513;Paris;
5122;Saint-Michel - Luxembourg;OUI;29;29;0;0;0;OUI;OUI;2022-03-11T22:54:05+01:00;48.84501507626001,2.339494116604328;Paris;
15111;Olivier de Serres - Leriche;OUI;25;15;10;3;7;OUI;OUI;2022-03-11T22:58:55+01:00;48.83460221715206,2.2957482933998112;Paris;
12020;Cours de Vincennes - Soult;OUI;45;37;7;1;6;OUI;OUI;2022-03-11T23:02:40+01:00;48.846918761569306,2.4105220288038254;Paris;
3005;Sainte-Elisabeth - Turbigo;OUI;33;3;29;23;6;OUI;OUI;2022-03-11T23:01:11+01:00;48.86610337431042,2.359649240970612;Paris;
13017;Nationale - Vincent Auriol;OUI;33;27;6;0;6;OUI;OUI;2022-03-11T23:01:23+01:00;48.83252708397293,2.362354410392119;Paris;
19129;Solitaires - Place des Fêtes;OUI;29;26;3;0;3;OUI;OUI;2022-03-11T22:59:06+01:00;48.876601,2.391769;Paris;
2002;Etienne Marcel - Montorgueil;OUI;28;8;18;13;5;OUI;OUI;2022-03-11T23:00:53+01:00;48.86450567259199,2.3461959511041637;Paris;
2021;Cléry - Montmartre;OUI;44;11;33;24;9;OUI;OUI;2022-03-11T23:02:33+01:00;48.867458,2.3445211;Paris;
2005;Montmartre - Etienne Marcel;OUI;16;9;7;1;6;OUI;OUI;2022-03-11T23:01:30+01:00;48.865021945810085,2.345068440144759;Paris;
24006;Adolphe Lalyre - Armand Silvestre;OUI;40;28;12;5;7;OUI;OUI;2022-03-11T23:02:33+01:00;48.90406266961591,2.273416221141815;Courbevoie;
14132;Bézout - Général Leclerc;OUI;30;29;1;0;1;OUI;OUI;2022-03-11T22:59:06+01:00;48.82884804502439,2.3285973072052;Paris;
3009;Temple - Haudriettes;OUI;19;11;8;7;1;OUI;OUI;2022-03-11T23:01:58+01:00;48.861636880211584,2.356696020645806;Paris;
4014;Blancs-Manteaux - Archives;OUI;29;5;22;20;2;OUI;OUI;2022-03-11T23:01:40+01:00;48.859418007030406,2.355947121977806;Paris;
26005;Hôtel de Ville d'Asnières sur Seine;OUI;30;9;20;19;1;OUI;OUI;2022-03-11T23:01:17+01:00;48.90999330025577,2.288238108158112;Asnières-sur-Seine;
3012;Square Emile - Chautemps;OUI;25;1;22;14;8;OUI;OUI;2022-03-11T23:00:32+01:00;48.86743372423056,2.353635728359223;Paris;
23702;Hôtel de Ville de Chaville;OUI;20;6;13;4;9;OUI;OUI;2022-03-11T22:56:25+01:00;48.80887149094033,2.188134044408798;Chaville;
14022;Didot - Mariniers;OUI;35;34;1;0;1;OUI;OUI;2022-03-11T22:58:13+01:00;48.82650543613106,2.313136198271666;Paris;
22306;Place du 17 Octobre;OUI;20;15;5;0;5;OUI;OUI;2022-03-11T23:00:47+01:00;48.91962690034779,2.2978286134199792;Gennevilliers;
19012;Lally-Tollendal - Armand Carrel;OUI;28;26;1;0;1;OUI;OUI;2022-03-11T22:59:04+01:00;48.88270066221072,2.374717555940151;Paris;
13125;Gare d'Austerlitz - Pont Charles de Gaulle;OUI;55;14;40;37;3;OUI;OUI;2022-03-11T23:02:28+01:00;48.842319830109304,2.3670300096273422;Paris;
31001;Lagny - Auguste Blanqui;OUI;27;21;4;1;3;OUI;OUI;2022-03-11T23:00:11+01:00;48.84922568052601,2.4218603968620305;Montreuil;
14023;Adolphe Pinard - Victor Hugo;OUI;52;46;5;1;4;OUI;OUI;2022-03-11T23:02:35+01:00;48.8236825874564,2.3077843710780144;Malakoff;
21507;Gardenat-Lapostol - Velettes;OUI;20;20;0;0;0;OUI;OUI;2022-03-11T23:02:46+01:00;48.87387,2.224185;Suresnes;
15062;Convention - Lourmel;OUI;36;17;19;16;3;OUI;OUI;2022-03-11T23:01:34+01:00;48.84205504165568,2.2859910875558853;Paris;
22502;Kléber - National;OUI;20;17;2;1;1;OUI;OUI;2022-03-11T23:00:12+01:00;48.906333898712234,2.2393910586833954;La Garenne-Colombes;
18136;Poulet - Barbès;OUI;20;15;4;2;2;OUI;OUI;2022-03-11T23:02:12+01:00;48.887148,2.349064;Paris;
3006;Mairie du 3ème;OUI;32;1;29;28;1;OUI;OUI;2022-03-11T23:02:02+01:00;48.86446178139141,2.361762821674347;Paris;
22504;Château - République;OUI;20;15;5;2;3;OUI;OUI;2022-03-11T23:02:30+01:00;48.905928,2.253629;La Garenne-Colombes;
9111;Victoire - Laffitte;OUI;20;15;5;4;1;OUI;OUI;2022-03-11T22:58:14+01:00;48.87514373494672,2.338118505144376;Paris;
4007;Place de la Bastille - Bourdon;OUI;35;2;28;19;9;OUI;OUI;2022-03-11T23:01:03+01:00;48.852364355271085,2.368108928203583;Paris;
1014;Rivoli - Musée du Louvre;OUI;24;4;18;10;8;OUI;OUI;2022-03-11T23:02:21+01:00;48.86364636851945,2.33409583568573;Paris;
48005;Eugène Varlin - Place de la Paix;OUI;23;22;0;0;0;OUI;OUI;2022-03-11T22:59:01+01:00;48.792862,2.363093;Villejuif;
42211;Séminaire de Conflans - Liberté;OUI;26;20;6;3;3;OUI;OUI;2022-03-11T22:59:10+01:00;48.823194,2.404179;Charenton-le-Pont;
14133;Froidevaux - Boulard;OUI;35;31;3;1;2;OUI;OUI;2022-03-11T22:54:55+01:00;48.83514731962543,2.3294411972165108;Paris;
21215;Verdier - Jean Jaurès;OUI;33;26;6;1;5;OUI;OUI;2022-03-11T23:01:01+01:00;48.81614048711214,2.3123561963438988;Montrouge;
4101;Bastille - Beaumarchais;OUI;23;4;17;8;9;OUI;OUI;2022-03-11T23:02:31+01:00;48.85383346385182,2.3685702681541443;Paris;
41208;Alouettes - Maréchal de Lattre de Tassigny;OUI;22;15;6;0;6;OUI;OUI;2022-03-11T22:58:08+01:00;48.85511009293948,2.4930700287222862;Fontenay-sous-Bois;
4012;Tiron - Rivoli;OUI;28;9;16;15;1;OUI;OUI;2022-03-11T23:00:51+01:00;48.85569225323279,2.357905805110932;Paris;
42704;Mairie du Kremlin-Bicêtre;OUI;25;22;3;2;1;OUI;OUI;2022-03-11T22:54:51+01:00;48.81191981537702,2.3570189997553825;Le Kremlin-Bicêtre;
10041;Gare du Nord - La Chapelle;OUI;18;12;6;1;5;OUI;OUI;2022-03-11T23:02:14+01:00;48.884178287285735,2.3561057075858116;Paris;
3003;Fille du Calvaire - Turenne;OUI;29;3;25;15;10;OUI;OUI;2022-03-11T23:00:04+01:00;48.86210505412563,2.3649600148200993;Paris;
26006;Bas - Gabriel Péri;OUI;30;9;20;13;7;OUI;OUI;2022-03-11T23:02:25+01:00;48.91585580539625,2.2948095202445984;Asnières-sur-Seine;
4017;Place de l'Hôtel de Ville;OUI;14;2;12;7;5;OUI;OUI;2022-03-11T22:59:17+01:00;48.8573314,2.351458;Paris;
44001;Quai Jules Guesde - Saint-Simon;OUI;30;17;13;9;4;OUI;OUI;2022-03-11T23:01:26+01:00;48.80391487218989,2.408966162027371;Vitry-sur-Seine;
4009;Village Saint-Paul;OUI;28;8;20;10;10;OUI;OUI;2022-03-11T23:00:39+01:00;48.852639866624806,2.3607301712036137;Paris;
12163;Hippodrome Paris-Vincennes;OUI;42;37;4;0;4;OUI;OUI;2022-03-11T22:54:55+01:00;48.82048387758518,2.446271181106568;Paris;
42026;Barbès - Monique Maunoury;OUI;40;36;4;3;1;OUI;OUI;2022-03-11T23:00:26+01:00;48.81552718820216,2.3687169334905405;Ivry-sur-Seine;
21509;Gardenat Lapostol - Franklin Roosevelt;OUI;24;22;2;0;2;OUI;OUI;2022-03-11T22:59:15+01:00;48.871839,2.222505;Suresnes;
2012;Choiseul - Quatre Septembre;OUI;44;34;9;4;5;OUI;OUI;2022-03-11T23:02:36+01:00;48.8699355331869,2.3359975218772893;Paris;
3002;Saint-Gilles - Turenne;OUI;18;2;14;8;6;OUI;OUI;2022-03-11T23:00:13+01:00;48.85815895677863,2.364714992099186;Paris;
16044;Porte de Saint Cloud - Parc des Princes;OUI;32;27;5;0;5;OUI;OUI;2022-03-11T23:01:03+01:00;48.83866275706582,2.2525164484977727;Paris;
3004;Place de la République - Temple;OUI;18;10;7;4;3;OUI;OUI;2022-03-11T22:58:21+01:00;48.86721120185892,2.363546437054538;Paris;
4015;Mairie du 4ème;OUI;44;6;35;28;7;OUI;OUI;2022-03-11T23:00:00+01:00;48.85594991049653,2.3563823103904724;Paris;
1012;Jean-Jacques Rousseau - Deux Ecus;OUI;22;9;13;11;2;OUI;OUI;2022-03-11T22:58:28+01:00;48.86297805972131,2.3414635285735126;Paris;
19111;Cesaria Evora - Rosa Parks;OUI;40;39;1;0;1;OUI;OUI;2022-03-11T22:57:15+01:00;48.89717672825043,2.3745173960924144;Paris;
2004;Square Pierre Lazareff;OUI;17;4;12;5;7;OUI;OUI;2022-03-11T22:57:14+01:00;48.867141720745806,2.348393350839615;Paris;
35012;Candale - Mehul;OUI;25;15;9;1;8;OUI;OUI;2022-03-11T23:01:20+01:00;48.8893935006175,2.414379715919495;Pantin;
19130;Place Paul Delouvrier;OUI;26;21;5;4;1;OUI;OUI;2022-03-11T22:56:54+01:00;48.89197621431365,2.3851288855075836;Paris;
21505;Édouard Vaillant - Place Jean Jaurès;OUI;24;23;1;0;1;OUI;OUI;2022-03-11T22:57:27+01:00;48.86265537999924,2.2089037319128613;Suresnes;
18015;Custine - Ramey;OUI;41;15;26;1;25;OUI;OUI;2022-03-11T23:00:35+01:00;48.888735896947054,2.3469526693224907;Paris;
2016;Aboukir - Alexandrie;OUI;21;11;10;5;5;OUI;OUI;2022-03-11T23:02:39+01:00;48.86868344444473,2.3502043269474897;Paris;
32019;Place du 8 mai 1945;OUI;30;7;22;13;9;OUI;OUI;2022-03-11T23:00:35+01:00;48.938882272105374,2.3566243797540665;Saint-Denis;
1025;Oratoire - Rivoli;OUI;18;3;14;11;3;OUI;OUI;2022-03-11T23:02:40+01:00;48.861342760889265,2.3400047421455388;Paris;
1116;Ventadour - Opéra;OUI;27;9;18;13;5;OUI;OUI;2022-03-11T23:00:25+01:00;48.866810653323,2.334388448251871;Paris;
33020;Waldeck Rochet - Germaine Tillon;OUI;31;19;11;5;6;OUI;OUI;2022-03-11T22:56:53+01:00;48.91105960199651,2.3676301538944244;Aubervilliers;
22601;Marx Dormoy - Château Sainte-Barbe;OUI;22;12;10;1;9;OUI;OUI;2022-03-11T22:59:08+01:00;48.791782341055324,2.297856844961643;Fontenay-aux-Roses;
31104;Mairie de Rosny-sous-Bois;OUI;30;12;17;6;11;OUI;OUI;2022-03-11T23:02:22+01:00;48.87125651901151,2.4865807592868805;Rosny-sous-Bois;
1023;Saint-Honoré - Musée du Louvre;OUI;22;11;11;11;0;OUI;OUI;2022-03-11T23:01:58+01:00;48.86344313284792,2.3348781846405102;Paris;
9039;Chaussée d'Antin - Haussmann;OUI;28;18;10;7;3;OUI;OUI;2022-03-11T23:02:22+01:00;48.87243,2.33359;Paris;
5003;Le Goff - Gay-Lussac;OUI;35;34;1;0;1;OUI;OUI;2022-03-11T23:02:45+01:00;48.8461024009786,2.3412207886576653;Paris;
22506;Gare des Vallées;OUI;20;0;20;2;18;OUI;OUI;2022-03-11T23:01:40+01:00;48.913179,2.257726;La Garenne-Colombes;
6007;Bréa - Raspail;OUI;24;23;1;0;1;OUI;OUI;2022-03-11T23:01:58+01:00;48.842738478257814,2.329794221763396;Paris;
13038;Choisy - Malmaisons;OUI;25;17;8;3;5;OUI;OUI;2022-03-11T22:59:37+01:00;48.821919702956144,2.3633468834070914;Paris;
31020;Résistance - Parmentier;OUI;35;32;3;1;2;OUI;OUI;2022-03-11T22:58:24+01:00;48.85965138131299,2.436705082654953;Montreuil;
13054;Pau Casals - Neuve Tolbiac;OUI;53;19;33;19;14;OUI;OUI;2022-03-11T23:02:46+01:00;48.8311602,2.3774395;Paris;
16139;Suresnes - Muette à Neuilly;OUI;30;28;2;1;1;OUI;OUI;2022-03-11T23:02:43+01:00;48.86857040434825,2.266000919044018;Paris;
4018;Saint-Bon - Rivoli;OUI;19;6;13;9;4;OUI;OUI;2022-03-11T23:01:27+01:00;48.857999643314926,2.350217280976349;Paris;
35005;Quai de l'Aisne - Général Leclerc;OUI;27;18;9;5;4;OUI;OUI;2022-03-11T23:00:57+01:00;48.895713,2.400571;Pantin;
2008;Mairie du 2ème;OUI;28;7;21;15;6;OUI;OUI;2022-03-11T23:02:06+01:00;48.8672190355135,2.3404625437747044;Paris;
18112;Arthur Ranc - Hôpital Bichat;OUI;26;14;12;10;2;OUI;OUI;2022-03-11T23:02:03+01:00;48.8978712500682,2.333521842956543;Paris;
1026;Place du Lieutenant Henri Karcher;OUI;30;8;21;18;3;OUI;OUI;2022-03-11T23:02:08+01:00;48.863490871724466,2.3400671035051346;Paris;
48007;Parc Départemental des Hautes-Bruyères;OUI;30;30;0;0;0;OUI;OUI;2022-03-11T22:54:40+01:00;48.793457901398945,2.3509012162685394;Villejuif;
23101;Grande Rue - Europe;OUI;25;20;5;1;4;OUI;OUI;2022-03-11T22:57:18+01:00;48.8218104687602,2.205879874527455;Sèvres;
27006;Victor Hugo - Gare;OUI;22;2;19;6;13;OUI;OUI;2022-03-11T23:02:14+01:00;48.92313395265796,2.2600970417261124;Colombes;
17106;Berthier - Porte de Clichy;OUI;24;19;4;3;1;OUI;OUI;2022-03-11T23:01:20+01:00;48.894222687781095,2.3125872006815977;Paris;
42028;Verdun - Carnot;OUI;28;20;8;1;7;OUI;OUI;2022-03-11T22:56:18+01:00;48.808439376064946,2.373795211315155;Ivry-sur-Seine;
2009;Filles Saint-Thomas - Place de la Bourse;OUI;58;39;19;16;3;OUI;OUI;2022-03-11T23:00:23+01:00;48.86889989085307,2.3397543845203477;Paris;
12166;Parc Floral du Bel Air;OUI;25;12;11;6;5;OUI;OUI;2022-03-11T23:02:16+01:00;48.839285711865735,2.438560165464878;Paris;
1018;Alger - Rivoli;OUI;21;5;15;15;0;OUI;OUI;2022-03-11T22:59:21+01:00;48.86477355349535,2.329449393612793;Paris;
1013;Place du Palais Royal;OUI;67;29;38;30;8;OUI;OUI;2022-03-11T23:02:36+01:00;48.862382970646635,2.33848225325346;Paris;
27001;Square Victor Basch;OUI;20;9;10;10;0;OUI;OUI;2022-03-11T22:57:48+01:00;48.91430486226092,2.2289156913757324;Colombes;
22603;Place de la Division Leclerc;OUI;35;31;2;0;2;OUI;OUI;2022-03-11T22:53:19+01:00;48.793824988636516,2.2731140430551027;Fontenay-aux-Roses;
12157;Fabre d'Eglantine - Place de la Nation;OUI;68;55;11;3;8;OUI;OUI;2022-03-11T22:59:39+01:00;48.8471116,2.3956204;Paris;
2006;Place des Victoires;OUI;24;6;16;9;7;OUI;OUI;2022-03-11T22:59:59+01:00;48.8660354,2.3420333;Paris;
15040;Saint-Amand - Labrouste;OUI;36;29;7;2;5;OUI;OUI;2022-03-11T23:02:14+01:00;48.834097274832295,2.3087677359581;Paris;
21119;Belfort - Victor Hugo;OUI;24;1;20;17;3;OUI;OUI;2022-03-11T23:01:07+01:00;48.9018492,2.3172724;Clichy;
12164;Stade Pershing;OUI;26;12;14;8;6;OUI;OUI;2022-03-11T23:02:04+01:00;48.829107826857424,2.458353526890278;Paris;
16010;Belles Feuilles - Place de Mexico;OUI;23;12;10;6;4;OUI;OUI;2022-03-11T23:02:14+01:00;48.86580474647378,2.282920628786087;Paris;
1017;Saint-Honoré - 29 juillet;OUI;20;10;8;3;5;OUI;OUI;2022-03-11T22:58:16+01:00;48.86557114282421,2.330567417577153;Paris;
23042;André Theuriet - Blagis;OUI;30;21;8;3;5;OUI;OUI;2022-03-11T22:57:47+01:00;48.77977325745441,2.3130525648593903;Bourg-la-Reine;
14134;Château - Place de Catalogne;OUI;33;22;11;1;10;OUI;OUI;2022-03-11T23:02:17+01:00;48.836805542262134,2.3185293003916745;Paris;
1015;Place André Malraux;OUI;19;18;0;0;0;NON;NON;2022-02-06T23:10:33+01:00;48.86392515872666,2.3356226831674576;Paris;
17021;Jouffroy d'Abbans - Villiers;OUI;34;26;6;3;3;OUI;OUI;2022-03-11T23:00:40+01:00;48.88421554703737,2.3056533560156827;Paris;
2109;Réaumur - Montmartre;OUI;19;14;5;4;1;OUI;OUI;2022-03-11T23:01:38+01:00;48.86823099975891,2.343826033887573;Paris;
6026;Saint-Placide - Cherche Midi;OUI;66;12;52;47;5;OUI;OUI;2022-03-11T23:01:45+01:00;48.8490535919234,2.325317971408367;Paris;
2020;Danielle Casanova - Opéra;OUI;20;18;2;1;1;OUI;OUI;2022-03-11T22:54:29+01:00;48.867643242297284,2.3333894088864326;Paris;
42018;Amédée Huon - Fort d'Ivry;OUI;31;29;1;0;1;OUI;OUI;2022-03-11T23:02:05+01:00;48.805131376899986,2.388489693403244;Ivry-sur-Seine;
1024;Coquillière - Louvre;OUI;21;10;10;6;4;OUI;OUI;2022-03-11T23:01:29+01:00;48.86379590966231,2.3425736278295517;Paris;
48008;Guy Môquet - Parvis Georges Marchais;OUI;30;26;4;0;4;OUI;OUI;2022-03-11T23:00:00+01:00;48.79518840095975,2.35943466424942;Villejuif;
44004;Place de l'Eglise - Vitry-sur-Seine;OUI;28;15;12;11;1;OUI;OUI;2022-03-11T23:02:15+01:00;48.791922819921815,2.395057752728462;Vitry-sur-Seine;
28005;Jean Jaurès - Paul Lafargue;OUI;28;9;16;11;5;OUI;OUI;2022-03-11T23:01:38+01:00;48.88493317766629,2.248448878526687;Puteaux;
19118;Simon Bolivar - Henri Turot;OUI;22;11;9;1;8;OUI;OUI;2022-03-11T23:00:22+01:00;48.876887,2.374454;Paris;
10201;Magenta - Chabrol;OUI;24;17;7;2;5;OUI;OUI;2022-03-11T22:59:34+01:00;48.876495350882045,2.3560990020632744;Paris;
21011;Silly - Louis Blériot;OUI;23;14;9;5;4;OUI;OUI;2022-03-11T23:02:44+01:00;48.83219045374266,2.2340199351310734;Boulogne-Billancourt;
3007;Archives - Pastourelle;OUI;28;6;20;16;4;OUI;OUI;2022-03-11T23:02:41+01:00;48.8623615,2.3595041;Paris;
23301;Les Blagis;OUI;27;11;15;8;7;OUI;OUI;2022-03-11T22:56:27+01:00;48.785205,2.302526;Sceaux;
12113;Cardinal Lavigerie;OUI;46;32;13;6;7;OUI;OUI;2022-03-11T23:02:20+01:00;48.832934193699835,2.402636749399156;Paris;
10166;Strasbourg - Saint-Denis;OUI;16;3;10;4;6;OUI;OUI;2022-03-11T23:02:32+01:00;48.86960164243346,2.35429085791111;Paris;
2102;Saint-Marc - Feydeau;OUI;37;31;3;1;2;OUI;OUI;2022-03-11T23:00:00+01:00;48.870310661421705,2.341979183256626;Paris;
44008;Youri Gagarine - Commune de Paris;OUI;33;7;25;18;7;OUI;OUI;2022-03-11T23:02:36+01:00;48.78242746304141,2.3939734697341923;Vitry-sur-Seine;
9019;Victor Massé - Jean-Baptiste Pigalle;OUI;18;3;15;5;10;OUI;OUI;2022-03-11T22:58:49+01:00;48.88110437240003,2.3366955667734146;Paris;
23103;Manufacture Nationale;OUI;28;28;0;0;0;NON;NON;2021-02-28T15:26:50+01:00;48.828785140979505,2.2237222641706467;Sèvres;
42019;Lampes;OUI;43;29;14;12;2;OUI;OUI;2022-03-11T23:00:02+01:00;48.81152481985875,2.4017931148409843;Ivry-sur-Seine;
42210;Victor Hugo - Paul Eluard;OUI;32;16;13;7;6;OUI;OUI;2022-03-11T23:00:29+01:00;48.819602554906844,2.4114319673050937;Charenton-le-Pont;
32020;Jules Guesdes - Carnot;OUI;16;6;10;8;2;OUI;OUI;2022-03-11T23:00:40+01:00;48.93828169931872,2.3508992046117783;Saint-Denis;
20048;Bagnolet - Place Saint-Blaise;OUI;28;24;4;1;3;OUI;OUI;2022-03-11T23:02:18+01:00;48.85973,2.40334;Paris;
19046;Porte de Pantin.;OUI;33;31;1;0;1;OUI;OUI;2022-03-11T23:01:07+01:00;48.889199725577164,2.3950181901454926;Paris;
23303;Gare de Robinson;OUI;30;23;5;3;2;OUI;OUI;2022-03-11T23:02:20+01:00;48.7799259211605,2.281828634440899;Sceaux;
1008;Les Halles - Saint-Eustache;OUI;32;27;4;2;2;OUI;OUI;2022-03-11T23:01:29+01:00;48.86362695901683,2.342623919248581;Paris;
13051;Halle Freyssinet - Parvis Alan Turing;OUI;23;11;12;8;4;OUI;OUI;2022-03-11T22:59:09+01:00;48.832846814471,2.3711421713233;Paris;
20010;Sorbier - Gasnier-Guy;OUI;34;31;3;0;3;OUI;OUI;2022-03-11T22:53:21+01:00;48.86521763101122,2.39365965127945;Paris;
23703;Gare de Chaville Rive Gauche;OUI;18;10;8;0;8;OUI;OUI;2022-03-11T22:58:35+01:00;48.80516030434533,2.188277207314968;Chaville;
12016;Saint-Mande - Picpus;OUI;35;30;4;1;3;OUI;OUI;2022-03-11T22:53:31+01:00;48.845127728277696,2.4015686296481897;Paris;
5027;Gobelins - Port-Royal;OUI;40;31;9;7;2;OUI;OUI;2022-03-11T22:59:49+01:00;48.83713590026284,2.3515201359987254;Paris;
34013;Blanqui - Docteur Bauer;OUI;28;10;17;10;7;OUI;OUI;2022-03-11T22:57:18+01:00;48.90773548908503,2.3407192814591364;Saint-Ouen-sur-Seine;
20142;Mûriers - Père Lachaise;OUI;20;14;6;2;4;OUI;OUI;2022-03-11T22:56:26+01:00;48.864130509668044,2.39164982067019;Paris;
20140;Paganini - Davout;OUI;22;19;2;0;2;OUI;OUI;2022-03-11T23:02:25+01:00;48.85135,2.412021;Paris;
25007;Bons Raisins - Voltaire;OUI;24;24;0;0;0;OUI;OUI;2022-03-11T23:02:39+01:00;48.87282451461399,2.1947155570850896;Rueil-Malmaison;
48012;Stalingrad - Henri Luisette;OUI;26;23;3;0;3;OUI;OUI;2022-03-11T23:01:58+01:00;48.78363092456589,2.366935946761926;Villejuif;
42024;Danielle Casanova - Ledru-Rollin;OUI;28;7;21;11;10;OUI;OUI;2022-03-11T22:58:48+01:00;48.815783497876815,2.383259721100331;Ivry-sur-Seine;
42022;Gare RER - Maurice Grandcoing;OUI;37;17;19;18;1;OUI;OUI;2022-03-11T23:02:12+01:00;48.813881,2.392429;Ivry-sur-Seine;
18135;Ney - Porte de Montmartre;OUI;24;12;12;10;2;OUI;OUI;2022-03-11T22:59:55+01:00;48.897918,2.3364872;Paris;
2022;Saint-Fiacre - Poissonière;OUI;35;23;12;9;3;OUI;OUI;2022-03-11T23:02:12+01:00;48.87082891155797,2.3459213599562645;Paris;
34011;Clef des Champs - Albert Dhalenne;OUI;28;10;16;2;14;OUI;OUI;2022-03-11T23:02:09+01:00;48.914938,2.330665;Saint-Ouen-sur-Seine;
17020;Jouffroy d'Abbans - Malesherbes;OUI;27;25;0;0;0;OUI;OUI;2022-03-11T23:01:55+01:00;48.8850134,2.3070717;Paris;
24101;Place Charles de Gaulle;OUI;24;21;2;0;2;OUI;OUI;2022-03-11T23:01:08+01:00;48.82654572003984,2.189258873608822;Ville-d'Avray;
45004;République - Louis Loucheur;OUI;37;5;32;18;14;OUI;OUI;2022-03-11T23:02:25+01:00;48.823549261189,2.5101865455508;Champigny-sur-Marne;
21002;Place Denfert-Rochereau;OUI;20;4;16;15;1;OUI;OUI;2022-03-11T23:00:42+01:00;48.843252536286684,2.245987951755524;Boulogne-Billancourt;
23202;Henri Barbusse - Gabriel Péri;OUI;27;4;13;11;2;OUI;OUI;2022-03-11T23:01:44+01:00;48.80177379583565,2.2874166362216375;Châtillon;
24004;Paix - Verdun;OUI;35;19;12;7;5;OUI;OUI;2022-03-11T22:59:48+01:00;48.900504,2.261173;Courbevoie;
23206;Béranger - Félix Faure;OUI;28;26;2;1;1;OUI;OUI;2022-03-11T23:01:03+01:00;48.80404828621485,2.2848263373723436;Châtillon;
13116;Place du Docteur Yersin;OUI;50;33;16;12;4;OUI;OUI;2022-03-11T23:00:44+01:00;48.82010494991975,2.3725583776831627;Paris;
13049;Vincent Auriol - Louise Weiss;OUI;22;4;16;9;7;OUI;OUI;2022-03-11T23:00:03+01:00;48.834001935501,2.3703888058662;Paris;
15069;Félix Faure - Convention;OUI;44;12;29;23;6;OUI;OUI;2022-03-11T23:02:25+01:00;48.841249336041045,2.288386600849503;Paris;
6015;André Mazet - Saint-André des Arts;OUI;55;5;48;34;14;OUI;OUI;2022-03-11T23:02:05+01:00;48.85375581057431,2.3390958085656166;Paris;
12119;Dom-Pérignon - Gravelle;OUI;50;44;6;3;3;OUI;OUI;2022-03-11T23:00:44+01:00;48.82548157443457,2.4098803102970128;Paris;
10202;Bichat - Grange aux Belles;OUI;30;15;15;9;6;OUI;OUI;2022-03-11T23:00:05+01:00;48.873688,2.365015;Paris;
15012;Cambronne - Mademoiselle;OUI;67;29;38;31;7;OUI;OUI;2022-03-11T23:02:22+01:00;48.843277330035214,2.30230766886348;Paris;
8104;Chateaubriand - Friedland;OUI;0;0;0;0;0;NON;NON;2021-09-24T20:54:27+02:00;48.8740144756374,2.29991625786582;Paris;
18016;Francoeur - Caulaincourt;OUI;34;17;17;2;15;OUI;OUI;2022-03-11T23:01:51+01:00;48.8899944409612,2.342529706656933;Paris;
21704;Place du Maréchal de Lattre de Tassigny;OUI;27;19;8;2;6;OUI;OUI;2022-03-11T22:54:16+01:00;48.821707715257055,2.2853431485432423;Vanves;
34010;Hôtel de Ville de Saint-Ouen;OUI;48;14;32;31;1;OUI;OUI;2022-03-11T23:02:40+01:00;48.91138018578648,2.334007680760051;Saint-Ouen-sur-Seine;
19121;Belleville -  Pré Saint-Gervais;OUI;21;19;2;0;2;OUI;OUI;2022-03-11T22:59:42+01:00;48.875565910073085,2.3930460959672923;Paris;
10003;Hauteville - Bonne Nouvelle;OUI;17;5;12;7;5;OUI;OUI;2022-03-11T23:02:21+01:00;48.87077436024043,2.349649636832728;Paris;
51008;Martyrs de Châteaubriant - Jean Grandel;NON;0;0;0;0;0;NON;NON;2019-09-06T13:33:04+02:00;48.951432,2.211214;Argenteuil;
15024;Suffren - La Motte-Piquet;OUI;23;8;15;14;1;OUI;OUI;2022-03-11T22:58:11+01:00;48.85088123091874,2.301219999790192;Paris;
19114;Manin - Secrétan;OUI;20;19;1;0;1;OUI;OUI;2022-03-11T22:57:43+01:00;48.8791665,2.3787959;Paris;
21302;Aristide Briand - Place de la Résistance;OUI;25;8;24;21;3;OUI;OUI;2022-03-11T23:02:22+01:00;48.82124248401006,2.2511002421379094;Issy-les-Moulineaux;
12123;Château de Vincennes;OUI;52;41;10;8;2;OUI;OUI;2022-03-11T23:02:16+01:00;48.84423193255657,2.439209537709179;Paris;
15041;Franquet - Labrouste;OUI;37;29;8;4;4;OUI;OUI;2022-03-11T22:59:03+01:00;48.83287705011431,2.306762784719467;Paris;
8018;Saint-Augustin;OUI;31;18;13;9;4;OUI;OUI;2022-03-11T23:02:04+01:00;48.8762009747008,2.319786250591278;Paris;
11022;Roquette - Auguste Laurent;OUI;16;5;7;3;4;OUI;OUI;2022-03-11T22:59:14+01:00;48.858001906023354,2.381797702650783;Paris;
13015;Chevaleret - Louise Weiss;OUI;35;22;11;11;0;OUI;OUI;2022-03-11T23:02:30+01:00;48.83258651335057,2.371211388119954;Paris;
41602;Place Charles Digeon;OUI;32;24;6;0;6;OUI;OUI;2022-03-11T23:02:31+01:00;48.84354203133597,2.418427169322968;Saint-Mandé;
8040;Pierre Charron - Champs-Elysées;OUI;32;23;7;2;5;OUI;OUI;2022-03-11T23:01:22+01:00;48.870103359864174,2.3043501377105713;Paris;
11014;Place de la Nation - Taillebourg;OUI;47;18;27;5;22;OUI;OUI;2022-03-11T23:02:39+01:00;48.8488408,2.3973043;Paris;
19006;Mathis - Flandre;OUI;55;49;4;1;3;OUI;OUI;2022-03-11T23:01:53+01:00;48.8906429898976,2.3762554675340652;Paris;
14027;Gergovie - Alésia;OUI;36;33;2;2;0;OUI;OUI;2022-03-11T23:02:46+01:00;48.83088717455243,2.318882101207347;Paris;
20003;Pyrénées - Cours de Vincennes;OUI;21;7;14;6;8;OUI;OUI;2022-03-11T22:58:12+01:00;48.84779677993506,2.406172156333924;Paris;
20110;Gambetta - Tourelles;OUI;20;18;2;0;2;OUI;OUI;2022-03-11T22:58:07+01:00;48.87533790226418,2.4059921130537987;Paris;
13024;Bobillot - Tolbiac;OUI;33;11;22;12;10;OUI;OUI;2022-03-11T22:57:14+01:00;48.8255961335041,2.350204177200794;Paris;
42303;Place Eustache Deschamps;OUI;20;6;14;12;2;OUI;OUI;2022-03-11T23:02:00+01:00;48.793855,2.336637;Cachan;
23041;Général Leclerc - Bièvre;OUI;25;15;9;7;2;OUI;OUI;2022-03-11T23:00:46+01:00;48.782414428747316,2.3166695237159733;Bourg-la-Reine;
48002;LCL Campus - Place Oscar Niemeyer;OUI;37;34;1;1;0;OUI;OUI;2022-03-11T22:56:52+01:00;48.805342480621576,2.363983690738678;Villejuif;
8052;Balzac - Champs Elysées;OUI;30;27;3;2;1;OUI;OUI;2022-03-11T23:02:01+01:00;48.87269963962128,2.3001953959465027;Paris;
41605;Général De Gaulle - Vivien;OUI;22;16;5;2;3;OUI;OUI;2022-03-11T22:57:47+01:00;48.83607420090204,2.4189166724681854;Saint-Mandé;
11111;Léon Frot - Charonne;OUI;19;8;10;5;5;OUI;OUI;2022-03-11T23:01:24+01:00;48.854963800335234,2.387217085372007;Paris;
19119;Edouard Pailleron - Bouret;OUI;27;25;2;0;2;OUI;OUI;2022-03-11T22:58:06+01:00;48.880597694070524,2.3769494891166687;Paris;
13006;Duméril - Jeanne d'Arc;OUI;40;20;20;15;5;OUI;OUI;2022-03-11T23:02:04+01:00;48.83815160808658,2.357108449556404;Paris;
13120;Pierre Joseph Desault;OUI;19;2;14;8;6;OUI;OUI;2022-03-11T22:56:56+01:00;48.82110230800372,2.378775402903557;Paris;
48006;Maxime Gorki - Paul Vaillant-Couturier;OUI;20;12;8;2;6;OUI;OUI;2022-03-11T23:02:01+01:00;48.79673508795443,2.3683342337608337;Villejuif;
35013;Guillaume Tell - Parc Henri Barbusse;OUI;20;19;1;0;1;OUI;OUI;2022-03-11T22:55:15+01:00;48.88958925894009,2.4198862910270695;Pantin;
19117;Euryale Dehaynin - Loire;OUI;30;22;8;1;7;OUI;OUI;2022-03-11T23:02:37+01:00;48.886248917304805,2.3774591088294987;Paris;
20020;Pyrénées - Charles Renouvier;OUI;29;20;9;5;4;OUI;OUI;2022-03-11T23:02:12+01:00;48.86095933229224,2.400421852042113;Paris;
15053;Lecourbe - Convention;OUI;46;12;33;19;14;OUI;OUI;2022-03-11T23:01:16+01:00;48.83923319241899,2.2915197908878326;Paris;
12008;Hector Malot - Daumesnil;OUI;54;3;50;40;10;OUI;OUI;2022-03-11T23:02:30+01:00;48.84693552991762,2.3770876228809357;Paris;
9025;Taitbout - Châteaudun;OUI;39;34;5;1;4;OUI;OUI;2022-03-11T23:02:26+01:00;48.876383969379,2.335356677933531;Paris;
24005;Edith Cavell - Volta;OUI;33;18;11;3;8;OUI;OUI;2022-03-11T23:02:31+01:00;48.901616564286975,2.269354350864887;Courbevoie;
21022;Dôme - République;OUI;25;10;14;8;6;OUI;OUI;2022-03-11T22:56:09+01:00;48.832681,2.250257;Boulogne-Billancourt;
20032;Square des Amandiers;OUI;12;4;8;1;7;OUI;OUI;2022-03-11T23:02:15+01:00;48.86615630668046,2.3891324177384377;Paris;
18010;Riquet - Marx Dormoy;OUI;29;15;12;8;4;OUI;OUI;2022-03-11T23:02:42+01:00;48.89021003702031,2.3601756244897842;Paris;
14035;Maine - Jean Zay;OUI;50;42;5;1;4;OUI;OUI;2022-03-11T23:01:59+01:00;48.837925263897674,2.3225428909063344;Paris;
41103;Place de la vache noire;OUI;25;19;4;1;3;OUI;OUI;2022-03-11T22:53:56+01:00;48.81040517059777,2.327060401439667;Arcueil;
6025;Assas - Rennes;OUI;32;20;11;2;9;OUI;OUI;2022-03-11T23:01:52+01:00;48.8492084999386,2.32851454623001;Paris;
13028;Gouthière - Poterne des Peupliers;OUI;33;24;9;9;0;OUI;OUI;2022-03-11T23:00:24+01:00;48.820507,2.351342;Paris;
14009;Tombe Issoire - René Coty;OUI;36;22;12;7;5;OUI;OUI;2022-03-11T23:02:23+01:00;48.83051287670899,2.3343613743782043;Paris;
13036;Olympiades;OUI;36;33;3;1;2;OUI;OUI;2022-03-11T23:01:41+01:00;48.82676466519947,2.365086078643799;Paris;
16017;Siam - La Pompe;OUI;16;14;2;0;2;OUI;OUI;2022-03-11T23:01:19+01:00;48.861720329027264,2.275346568555312;Paris;
20012;Buzenval - Vignoles;OUI;17;13;4;1;3;OUI;OUI;2022-03-11T23:02:35+01:00;48.85385817168762,2.400004081428051;Paris;
18021;Marcadet - Ramey;OUI;21;16;5;1;4;OUI;OUI;2022-03-11T23:01:37+01:00;48.890875,2.3449019;Paris;
12102;Bercy - Traversiére;OUI;30;4;22;14;8;OUI;OUI;2022-03-11T22:57:49+01:00;48.846192642574,2.3703800886869;Paris;
16116;George Sand - Jean de La Fontaine;OUI;29;9;20;15;5;OUI;OUI;2022-03-11T23:02:07+01:00;48.84986918764119,2.268257387525699;Paris;
43007;Hôtel de Ville de Vincennes;OUI;27;23;4;1;3;OUI;OUI;2022-03-11T22:52:50+01:00;48.84827609706963,2.4398955702781677;Vincennes;
21023;Ancienne Mairie - André Morizet;OUI;25;11;14;9;5;OUI;OUI;2022-03-11T23:00:50+01:00;48.838311,2.234077;Boulogne-Billancourt;
14004;Port Royal - Hôpital Cochin;OUI;23;20;3;2;1;OUI;OUI;2022-03-11T22:58:39+01:00;48.838373233813286,2.340717874467373;Paris;
21021;Enfants du Paradis - Peupliers;OUI;40;29;10;5;5;OUI;OUI;2022-03-11T23:01:29+01:00;48.83312268645377,2.2571459412574773;Boulogne-Billancourt;
32012;Carrefour Pleyel;OUI;36;21;10;7;3;OUI;OUI;2022-03-11T23:02:29+01:00;48.92034156960326,2.3438543826341625;Saint-Denis;
31105;Lavoisier - Missak Manouchian;OUI;18;15;3;0;3;OUI;OUI;2022-03-11T23:02:40+01:00;48.86286468896063,2.495676465332508;Rosny-sous-Bois;
15050;Dominique Pado - Croix Nivert;OUI;22;12;10;4;6;OUI;OUI;2022-03-11T23:02:17+01:00;48.83648798164934,2.2897250577807426;Paris;
7023;Bourdonnais - Tour Eiffel;OUI;60;23;36;36;0;OUI;OUI;2022-03-11T23:00:19+01:00;48.860897797941,2.29559959844703;Paris;
16025;Jean de la Fontaine - Boulainvilliers;OUI;68;56;10;9;1;OUI;OUI;2022-03-11T23:01:17+01:00;48.85264791461651,2.2758664190769196;Paris;
8046;Marceau - Président Wilson;OUI;32;9;22;13;9;OUI;OUI;2022-03-11T23:01:23+01:00;48.8652359,2.3002513;Paris;
20013;Alexandre Dumas - Place de la Réunion;OUI;45;40;4;0;4;OUI;OUI;2022-03-11T23:00:26+01:00;48.85533710742046,2.3997703687646292;Paris;
20014;Charonne - Alexandre Dumas;OUI;35;32;3;0;3;OUI;OUI;2022-03-11T22:55:22+01:00;48.85607741505607,2.394869327545166;Paris;
15045;Porte de la Plaine;OUI;35;34;0;0;0;OUI;OUI;2022-03-11T22:59:38+01:00;48.82805169605981,2.2924277186393742;Paris;
7010;Constantine - Université;OUI;65;39;24;13;11;OUI;OUI;2022-03-11T23:02:27+01:00;48.860680473738334,2.314848195584221;Paris;
25004;Marcel Pourtout - Édouard Manet;OUI;24;2;22;12;10;OUI;OUI;2022-03-11T23:01:08+01:00;48.87555620763429,2.1655967831611638;Rueil-Malmaison;
22404;Pierre Brossolette - 12 Février 1934;OUI;25;22;3;1;2;OUI;OUI;2022-03-11T22:57:18+01:00;48.8176962416867,2.3076123744249344;Malakoff;
12022;Sahel - Général Michel Bizot;OUI;33;28;5;3;2;OUI;OUI;2022-03-11T23:00:31+01:00;48.840872964793355,2.4044444784522057;Paris;
8007;Rome - Provence;OUI;30;20;9;9;0;OUI;OUI;2022-03-11T22:58:47+01:00;48.874230055580306,2.325570111724113;Paris;
14005;René Coty - Place Denfert-Rochereau;OUI;36;31;3;1;2;OUI;OUI;2022-03-11T22:58:35+01:00;48.83305647731638,2.332941144704819;Paris;
18101;Championnet.;OUI;22;11;9;5;4;OUI;OUI;2022-03-11T23:01:27+01:00;48.8953643,2.3498166;Paris;
15027;Duhamel - André Gide;OUI;20;14;6;3;3;OUI;OUI;2022-03-11T23:01:32+01:00;48.8365662244334,2.312707121097412;Paris;
10031;Louis Blanc - Aqueduc;OUI;37;29;7;1;6;OUI;OUI;2022-03-11T22:56:20+01:00;48.88203018259946,2.3635615780949593;Paris;
17117;Pereire - Saussure;OUI;32;25;6;4;2;OUI;OUI;2022-03-11T22:59:27+01:00;48.88822907547811,2.310129627585411;Paris;
15120;Colonel Pierre Avia;OUI;29;5;23;21;2;OUI;OUI;2022-03-11T23:01:00+01:00;48.8296843300915,2.275342586850291;Paris;
42205;Place Aristide Briand;OUI;35;22;12;7;5;OUI;OUI;2022-03-11T22:59:14+01:00;48.82189236575831,2.413003742694855;Charenton-le-Pont;
21205;Arthur Auger - Jean Jaurès;OUI;26;25;1;1;0;OUI;OUI;2022-03-11T22:53:39+01:00;48.813736445585235,2.3069277405738835;Montrouge;
43004;Montreuil - République;OUI;25;19;5;0;5;OUI;OUI;2022-03-11T23:00:30+01:00;48.85026349463687,2.4345204234123234;Vincennes;
24007;Jean-Baptiste Charcot - Sainte-Geneviève;OUI;21;4;17;13;4;OUI;OUI;2022-03-11T23:01:56+01:00;48.90310883721567,2.278892956674099;Courbevoie;
17110;Legendre - Nollet;OUI;30;23;7;2;5;OUI;OUI;2022-03-11T22:57:23+01:00;48.887742186754224,2.320293079881375;Paris;
16033;Marché d'Auteuil;OUI;32;17;15;8;7;OUI;OUI;2022-03-11T23:00:37+01:00;48.84842761367387,2.265253821160005;Paris;
31701;Mairie de Bagnolet;OUI;28;13;15;1;14;OUI;OUI;2022-03-11T22:59:38+01:00;48.868421318555306,2.417958788573742;Bagnolet;
13055;M.- A. Lagroua Weill-Hallé -  F. Dolto;OUI;60;36;22;14;8;OUI;OUI;2022-03-11T23:02:30+01:00;48.828595283857425,2.380220606266108;Paris;
19102;Rampal - Belleville;OUI;17;10;7;1;6;OUI;OUI;2022-03-11T23:00:11+01:00;48.87302160155955,2.379910983145237;Paris;
6028;Quatre Vents - Carrefour de l'Odéon;OUI;37;13;24;19;5;OUI;OUI;2022-03-11T23:01:48+01:00;48.851751374458864,2.338161695134053;Paris;
5033;Saint-Séverin - Saint-Michel;OUI;30;0;30;22;8;OUI;OUI;2022-03-11T22:58:50+01:00;48.85273130548806,2.3440927639603615;Paris;
20106;Mairie du 20ème;OUI;27;19;8;0;8;OUI;OUI;2022-03-11T23:02:30+01:00;48.86530232427545,2.3990669846534733;Paris;
17006;Guy Môquet - Compoint;OUI;36;23;9;1;8;OUI;OUI;2022-03-11T23:02:43+01:00;48.89213559044868,2.32321947813034;Paris;
15114;Pasteur - Cotentin;OUI;33;24;9;7;2;OUI;OUI;2022-03-11T23:01:01+01:00;48.8389284,2.316356;Paris;
11029;Ménilmontant - Oberkampf;OUI;40;13;27;9;18;OUI;OUI;2022-03-11T23:01:32+01:00;48.8666176586814,2.38301344041578;Paris;
11016;Philippe-Auguste;OUI;48;41;7;3;4;OUI;OUI;2022-03-11T22:59:38+01:00;48.851853488264595,2.393294535577297;Paris;
20005;Reynaldo Hahn - Lagny;OUI;19;14;4;3;1;OUI;OUI;2022-03-11T22:55:28+01:00;48.849266043601794,2.412330328844772;Paris;
21027;Fief - République;OUI;25;21;4;1;3;OUI;OUI;2022-03-11T22:54:18+01:00;48.83170888166024,2.255771979689598;Boulogne-Billancourt;
21207;Verdier - République;OUI;29;23;2;0;2;OUI;OUI;2022-03-11T23:01:42+01:00;48.81540376627718,2.3173937201499943;Montrouge;
12040;Porte de Charenton;OUI;67;63;4;1;3;OUI;OUI;2022-03-11T23:02:38+01:00;48.83124010585643,2.3989107459783554;Paris;
12122;Bois de Vincennes - Polygone;OUI;51;37;12;7;5;OUI;OUI;2022-03-11T23:01:46+01:00;48.83544491617421,2.431421081436563;Paris;
25002;Hôtel de Ville de Rueil-Malmaison;OUI;20;4;15;8;7;OUI;OUI;2022-03-11T23:00:18+01:00;48.878194,2.181724;Rueil-Malmaison;
11028;Guillaume Bertrand - République;OUI;38;27;10;4;6;OUI;OUI;2022-03-11T23:01:53+01:00;48.86382517434147,2.38090637715497;Paris;
15113;Arsonval - Falguière;OUI;25;20;4;2;2;OUI;OUI;2022-03-11T23:01:09+01:00;48.84040040365445,2.313117867297474;Paris;
19014;Lorraine - Jean Jaurès;OUI;19;12;5;2;3;OUI;OUI;2022-03-11T23:01:59+01:00;48.8863865,2.3825772;Paris;
6005;Montparnasse -  Square Ozanam;OUI;49;43;5;2;3;OUI;OUI;2022-03-11T23:01:58+01:00;48.84331056782166,2.326524294912815;Paris;
15014;Volontaires - Vaugirard;OUI;34;27;7;2;5;OUI;OUI;2022-03-11T23:01:04+01:00;48.84132050184004,2.30808901725357;Paris;
13008;Place d'Italie - Soeur Rosalie;OUI;52;44;6;1;5;OUI;OUI;2022-03-11T23:01:12+01:00;48.83190852039389,2.3546943448098023;Paris;
16023;Passy - Place du Costa Rica;OUI;33;22;10;9;1;OUI;OUI;2022-03-11T23:00:58+01:00;48.8584893,2.2839655;Paris;
20011;Pyrénées - Dagorno;OUI;20;14;6;3;3;OUI;OUI;2022-03-11T22:55:30+01:00;48.855425770695085,2.4051643162965775;Paris;
22014;Victor Hugo - Bineau;OUI;25;15;7;6;1;OUI;OUI;2022-03-11T22:58:29+01:00;48.88758225888669,2.2783890366554265;Neuilly-sur-Seine;
11018;Saint-Maur - République;OUI;38;27;11;5;6;OUI;OUI;2022-03-11T22:59:53+01:00;48.86418586145509,2.378317415714264;Paris;
6004;Regard - Rennes;OUI;46;39;6;2;4;OUI;OUI;2022-03-11T22:54:39+01:00;48.847385404955965,2.3268555477261543;Paris;
21511;Marcel Monge - Marcel Dassault;OUI;46;46;0;0;0;OUI;OUI;2022-03-11T23:02:08+01:00;48.86096384533371,2.2246733296048142;Suresnes;
15044;Dantzig - Lefebvre;OUI;33;28;4;1;3;OUI;OUI;2022-03-11T22:58:16+01:00;48.83013921586756,2.295934036374092;Paris;
6020;Place Saint-André des Arts;OUI;37;6;28;24;4;OUI;OUI;2022-03-11T22:58:51+01:00;48.85288617388103,2.3426544293761253;Paris;
20033;Etienne Dolet - Place Maurice Chevalier;OUI;33;11;22;5;17;OUI;OUI;2022-03-11T22:59:46+01:00;48.86798303359366,2.3851405311143026;Paris;
21107;Bertrand Sincholle - Henri Barbusse;OUI;23;14;8;4;4;OUI;OUI;2022-03-11T22:59:24+01:00;48.89925982394349,2.3042294383049016;Clichy;
18018;Carpeaux - Place Jacques Froment;OUI;19;9;9;4;5;OUI;OUI;2022-03-11T23:02:29+01:00;48.8906542,2.3309428;Paris;
5031;Lacépède - Linné;OUI;54;23;29;29;0;OUI;OUI;2022-03-11T22:59:23+01:00;48.8437035476636,2.354651279747486;Paris;
19001;Crimée - Ourcq;OUI;56;37;15;14;1;OUI;OUI;2022-03-11T23:00:50+01:00;48.894104140316266,2.372946088467279;Paris;
12039;Général Michel Bizot - Claude Decaen;OUI;38;9;29;12;17;OUI;OUI;2022-03-11T23:01:40+01:00;48.83481262982544,2.400927788127704;Paris;
16022;Jean Bologne - Passy;OUI;19;17;2;1;1;OUI;OUI;2022-03-11T23:01:43+01:00;48.857566889784465,2.280027395306772;Paris;
13037;Ivry - Baudricourt;OUI;20;18;2;2;0;OUI;OUI;2022-03-11T22:58:49+01:00;48.824695995415006,2.363106073577468;Paris;
14025;Jacquier - Didot;OUI;30;24;5;3;2;OUI;OUI;2022-03-11T23:00:50+01:00;48.82953336292279,2.318179272115231;Paris;
12017;Saint-Mandé - Docteur Arnold Netter;OUI;39;21;17;2;15;OUI;OUI;2022-03-11T22:53:12+01:00;48.84462585769668,2.404946386814118;Paris;
21007;Rond-Point Rhin et Danube;OUI;53;11;41;26;15;OUI;OUI;2022-03-11T23:02:23+01:00;48.840452820991764,2.2280225157737736;Boulogne-Billancourt;
13023;Bobillot - Moulin des Prés;OUI;28;7;21;13;8;OUI;OUI;2022-03-11T22:58:59+01:00;48.828657346203094,2.353020646316964;Paris;
19007;Flandre - Ourcq;OUI;30;13;15;6;9;OUI;OUI;2022-03-11T22:59:29+01:00;48.89260159189023,2.3790915682911873;Paris;
8039;Colisée - Champs-Elysées;OUI;24;14;10;4;6;OUI;OUI;2022-03-11T23:01:36+01:00;48.87047539938743,2.3076190799474716;Paris;
21016;Point du Jour - Jean Jaurès;OUI;26;5;19;8;11;OUI;OUI;2022-03-11T23:02:01+01:00;48.828753141436465,2.245911467014621;Boulogne-Billancourt;
6009;Guynemer - Jardin du Luxembourg;OUI;36;6;29;24;5;OUI;OUI;2022-03-11T22:59:23+01:00;48.8466127,2.3325478;Paris;
5105;Geoffroy-Saint-Hilaire - Saint-Marcel;OUI;17;6;11;10;1;OUI;OUI;2022-03-11T23:02:04+01:00;48.83907826424974,2.356877340669728;Paris;
12105;Bercy - Villot;OUI;34;17;18;13;5;OUI;OUI;2022-03-11T23:02:44+01:00;48.841795009027,2.3767850184816;Paris;
13013;Saint-Marcel - Hôpital;OUI;21;10;7;6;1;OUI;OUI;2022-03-11T23:02:03+01:00;48.83950442458303,2.360989417022932;Paris;
42004;Westermeyer - Paul Vaillant-Couturier;OUI;25;10;15;14;1;OUI;OUI;2022-03-11T22:59:15+01:00;48.819116181578764,2.3966637253761296;Ivry-sur-Seine;
19123;Metz - Marne;OUI;33;19;11;2;9;OUI;OUI;2022-03-11T22:59:48+01:00;48.891163,2.3865705;Paris;
4005;Quai des Célestins - Henri IV;OUI;14;1;17;11;6;OUI;OUI;2022-03-11T23:02:07+01:00;48.8512971,2.3624535;Paris;
16104;Paul Valery - Victor Hugo;OUI;35;29;5;2;3;OUI;OUI;2022-03-11T22:59:35+01:00;48.87137406080164,2.2887128591537476;Paris;
21510;Fontaine du Tertre - Calvaire;OUI;24;23;0;0;0;OUI;OUI;2022-03-11T23:02:36+01:00;48.8702539,2.2187778;Suresnes;
22007;Commandant Charcot - Bretteville;OUI;36;10;22;16;6;OUI;OUI;2022-03-11T23:00:16+01:00;48.87530570765423,2.2558460757136345;Neuilly-sur-Seine;
21033;Sèvres - Maréchal Juin;OUI;18;8;9;5;4;OUI;OUI;2022-03-11T23:02:23+01:00;48.8324305,2.2292812;Boulogne-Billancourt;
42027;Verdun - Pierre et Marie Curie;OUI;26;18;8;2;6;OUI;OUI;2022-03-11T23:00:29+01:00;48.812822398263286,2.3707106709480286;Ivry-sur-Seine;
17036;Place Tristan Bernard;OUI;28;24;4;1;3;OUI;OUI;2022-03-11T22:58:29+01:00;48.8791964,2.2915403;Paris;
17050;Batignolles - Abel Truchet;OUI;28;27;1;1;0;OUI;OUI;2022-03-11T22:55:54+01:00;48.88310390458221,2.323834749088381;Paris;
8044;Alfred de Vigny - Place du Général Brocard;OUI;33;32;1;0;1;OUI;OUI;2022-03-11T23:01:12+01:00;48.87836138361425,2.305254448220567;Paris;
10001;René Boulanger - Lancry;OUI;62;54;8;2;6;OUI;OUI;2022-03-11T22:55:38+01:00;48.8685433,2.3600032;Paris;
22703;Place Jean Mermoz;NON;30;30;0;0;0;NON;NON;2022-02-22T06:06:34+01:00;48.9220937,2.2718348;Bois-Colombes;
44009;Gare RER les Ardoines;NON;49;49;0;0;0;NON;NON;2019-05-17T09:28:29+02:00;48.78385636346727,2.407909371747126;Vitry-sur-Seine;
21112;Claude Debussy - Marc Bloch;OUI;56;14;36;26;10;OUI;OUI;2022-03-11T23:02:07+01:00;48.91038818051166,2.3117771744728093;Clichy;
19018;Cité de la Musique;OUI;60;56;2;0;2;OUI;OUI;2022-03-11T23:02:43+01:00;48.888796556487385,2.3925811931922163;Paris;
10028;Gare du Nord - Dunkerque;OUI;29;19;10;2;8;OUI;OUI;2022-03-11T22:56:41+01:00;48.88042350842878,2.3527636751532555;Paris;
10151;Gare du Nord - Faubourg Saint-Denis;OUI;28;15;11;3;8;OUI;OUI;2022-03-11T22:56:55+01:00;48.879612765503616,2.3568402975797653;Paris;
16140;Hippodrome de Longchamp;OUI;30;17;12;12;0;OUI;OUI;2022-03-11T22:59:23+01:00;48.86413226532,2.239905372262;Paris;
8031;Jean Mermoz - Champs-Elysées;OUI;33;21;12;9;3;OUI;OUI;2022-03-11T23:00:47+01:00;48.869689856852,2.3107324540615;Paris;
20035;Pyrénées - Ménilmontant;OUI;26;26;0;0;0;OUI;OUI;2022-03-11T22:53:00+01:00;48.8693268535238,2.395084574818611;Paris;
44010;8 Mai 1945 - 10 Juillet 1940;OUI;30;15;15;8;7;OUI;OUI;2022-03-11T22:56:25+01:00;48.784567029674,2.3979035764933;Vitry-sur-Seine;
8003;Galilée - Vernet;OUI;17;15;2;2;0;OUI;OUI;2022-03-11T23:02:01+01:00;48.87171587869726,2.2985444962978363;Paris;
21508;Georges Pompidou - Verdun;OUI;26;18;6;4;2;OUI;OUI;2022-03-11T23:01:53+01:00;48.875481,2.232443;Suresnes;
41212;Nungesser - Santé;OUI;22;13;8;0;8;OUI;OUI;2022-03-11T22:55:22+01:00;48.852335,2.448967;Fontenay-sous-Bois;
7007;Musée d'Orsay;OUI;65;36;27;19;8;OUI;OUI;2022-03-11T23:01:10+01:00;48.85972615790874,2.325860448181629;Paris;
34009;Dora Maar - Nadia Guendouz;OUI;30;8;21;16;5;OUI;OUI;2022-03-11T22:55:20+01:00;48.90545242130479,2.3220406472682957;Saint-Ouen-sur-Seine;
15032;Félix Faure - Lourmel;OUI;58;5;52;48;4;OUI;OUI;2022-03-11T23:01:29+01:00;48.83868901709515,2.2818081825971603;Paris;
18047;St-Ouen - Lamarck;OUI;45;33;11;2;9;OUI;OUI;2022-03-11T23:00:26+01:00;48.891083040295555,2.326735694839291;Paris;
19045;Macdonald - Césaria Evora;OUI;67;67;0;0;0;NON;NON;2020-06-29T14:52:20+02:00;48.89883,2.37933;Paris;
9029;Saint-Lazare - Place d'Estienne d'Orves;OUI;39;36;3;1;2;OUI;OUI;2022-03-11T22:57:42+01:00;48.8768345,2.3329067;Paris;
13053;Chevaleret - Tolbiac;OUI;21;12;7;7;0;OUI;OUI;2022-03-11T23:02:19+01:00;48.82941,2.375934;Paris;
35021;Cartier Bresson - Denis Papin;OUI;32;28;4;2;2;OUI;OUI;2022-03-11T22:54:49+01:00;48.902616,2.397814;Pantin;
22302;Gare RER - Général de Gaulle;NON;0;0;0;0;0;NON;NON;2021-07-29T14:21:54+02:00;48.929792,2.282294;Asnières-sur-Seine;
18045;Pierre Ginier - Clichy;OUI;16;2;11;5;6;OUI;OUI;2022-03-11T23:01:06+01:00;48.8867667,2.326228;Paris;
22305;Jean Jaurès - Place du Dr Roux;OUI;35;16;19;16;3;OUI;OUI;2022-03-11T23:02:09+01:00;48.92756703279621,2.2947337017374063;Gennevilliers;
12165;Champs de Manoeuvre - Cartoucherie;OUI;20;12;8;5;3;OUI;OUI;2022-03-11T23:01:38+01:00;48.835261,2.447974;Paris;
22507;Châteaudun - Place de la Liberté;OUI;26;22;4;2;2;OUI;OUI;2022-03-11T22:58:19+01:00;48.90970830301211,2.2454486480600626;La Garenne-Colombes;
21954;Val-Fleury;OUI;23;16;7;0;7;OUI;OUI;2022-03-11T23:01:57+01:00;48.807671407991,2.2407217696309;Meudon;
23203;Division Leclerc - Kléber;OUI;25;20;3;2;1;OUI;OUI;2022-03-11T23:01:08+01:00;48.798666226364,2.2833752789972;Châtillon;
32023;Guy Môquet - Jean Moulin;OUI;30;20;8;4;4;OUI;OUI;2022-03-11T23:01:24+01:00;48.940931521020836,2.363948999931771;Saint-Denis;
22602;Place Henri Dunant - Gare RER;OUI;31;19;12;3;9;OUI;OUI;2022-03-11T22:58:27+01:00;48.787543,2.2907628;Fontenay-aux-Roses;
12106;Gare de Lyon - Roland Barthes;OUI;68;4;62;45;17;OUI;OUI;2022-03-11T23:01:58+01:00;48.84395729494058,2.3790882155299187;Paris;
22005;Charles de Gaulle - Madrid;OUI;22;13;8;5;3;OUI;OUI;2022-03-11T23:01:49+01:00;48.884432270367995,2.2608044743537907;Neuilly-sur-Seine;
23201;Avenir;OUI;45;43;1;0;1;OUI;OUI;2022-03-11T23:00:12+01:00;48.8103438,2.3003776;Châtillon;
17127;Porte de Clichy - Place des Nations Unies;OUI;40;27;13;7;6;OUI;OUI;2022-03-11T22:58:44+01:00;48.896737263309504,2.310542999196392;Paris;
23205;Parc des Pierrettes;OUI;23;10;13;1;12;OUI;OUI;2022-03-11T22:57:46+01:00;48.7973062,2.2909969;Châtillon;
26009;Marceau Delorme - Pierre Brossolette;OUI;28;5;21;14;7;OUI;OUI;2022-03-11T23:02:00+01:00;48.91206062860357,2.295897423568745;Asnières-sur-Seine;
9035;Gare Saint-Lazare - Place de Budapest;OUI;44;41;3;2;1;OUI;OUI;2022-03-11T23:01:59+01:00;48.877753,2.327339;Paris;
34012;Bateliers - Quai de Seine;NON;26;26;0;0;0;NON;NON;2021-11-17T12:15:51+01:00;48.915817585516,2.3239533298594055;Saint-Ouen-sur-Seine;
26008;Henri Barbusse - Bourguignons;OUI;34;17;17;4;13;OUI;OUI;2022-03-11T22:58:20+01:00;48.91301722799713,2.2734212270774417;Asnières-sur-Seine;
34008;Garibaldi - Gabriel Péri;OUI;30;1;28;16;12;OUI;OUI;2022-03-11T23:02:26+01:00;48.90574191139427,2.331604420805889;Saint-Ouen-sur-Seine;
17126;Hélène et François Missoffe - Emile Borel;OUI;32;11;19;15;4;OUI;OUI;2022-03-11T23:01:51+01:00;48.89990653843488,2.321543991674844;Paris;
23204;Roland Garros - Jean Bouin;NON;0;0;0;0;0;NON;NON;2021-10-22T10:43:20+02:00;48.8094608571735,2.2853198638300847;Châtillon;
34005;Adrien Lesesne - Docteur Bauer;OUI;30;22;6;1;5;OUI;OUI;2022-03-11T23:02:27+01:00;48.90263867304635,2.348248063431511;Saint-Ouen-sur-Seine;
21514;Place de la Paix - Abbé Saint-Pierre;OUI;24;24;0;0;0;OUI;OUI;2022-03-11T23:00:55+01:00;48.86462724459225,2.2047570338469806;Suresnes;
31303;Simone Signoret - Paris;OUI;28;6;20;15;5;OUI;OUI;2022-03-11T23:01:17+01:00;48.903600624712865,2.465406596265139;Noisy-le-Sec;
31301;Gare RER;OUI;30;21;6;0;6;OUI;OUI;2022-03-11T23:01:40+01:00;48.896241412268,2.4595758300992;Noisy-le-Sec;
10026;Gare de l'Est - Chateau Landon;OUI;59;47;11;5;6;OUI;OUI;2022-03-11T23:02:44+01:00;48.879305,2.362424;Paris;
17010;Jonquière - Docteur Paul Brousse;OUI;40;2;36;17;19;OUI;OUI;2022-03-11T22:58:47+01:00;48.894799816683985,2.318705212173216;Paris;
15056;Place Balard;OUI;22;14;8;7;1;OUI;OUI;2022-03-11T22:59:22+01:00;48.836395736424116,2.2784192115068436;Paris;
18023;Ordener - Poissonniers;OUI;35;33;2;1;1;OUI;OUI;2022-03-11T23:01:32+01:00;48.891213890844654,2.351288666219873;Paris;
4104;Sebastopol - Rambuteau;OUI;16;11;6;2;4;OUI;OUI;2022-03-11T23:02:22+01:00;48.861818092669864,2.3501381278038025;Paris;
18026;Ruisseau - Ordener;OUI;35;27;8;2;6;OUI;OUI;2022-03-11T23:01:03+01:00;48.89299462568024,2.340144887566567;Paris;
9104;Caumartin - Provence;OUI;22;4;17;16;1;OUI;OUI;2022-03-11T22:55:33+01:00;48.874422773426545,2.3284685611724854;Paris;
18024;Clignancourt - Ordener;OUI;35;30;5;3;2;OUI;OUI;2022-03-11T22:54:48+01:00;48.891457726153774,2.348636478060487;Paris;
8002;Gare Saint-Lazare - Cour du Havre;OUI;45;27;16;14;2;OUI;OUI;2022-03-11T23:02:35+01:00;48.87567440085132,2.3265598341822624;Paris;
13123;BNF - Bibliothèque Nationale de France;OUI;42;10;31;29;2;OUI;OUI;2022-03-11T23:02:19+01:00;48.8350268238,2.3760157451034;Paris;
8004;Malesherbes - Place de la Madeleine;OUI;67;30;34;28;6;OUI;OUI;2022-03-11T23:02:36+01:00;48.87040602848252,2.323243509807989;Paris;
